# WWW History 2.4
# DAILY COUNTERS for summary period 1-30 Sep 2006
DAY 01/09/2006:	    448     344      51      65      38 16664838
DAY 02/09/2006:	    208     171       9      24      23 8873108
DAY 03/09/2006:	    208     134      40      31      18 6264337
DAY 04/09/2006:	     78      35       4       9      25 1225671
DAY 05/09/2006:	    226     188      10      27      15 8462546
DAY 06/09/2006:	    439     377      28      46      42 16877708
DAY 07/09/2006:	    261     218      15      24      18 9882886
DAY 08/09/2006:	    376     330       2      31      22 17679524
DAY 09/09/2006:	    149     120      11      21      27 6059232
DAY 10/09/2006:	    178     109       4      16      28 4362385
DAY 11/09/2006:	    431     403       3      57      36 19041496
DAY 12/09/2006:	    719     420      46      56      83 19955416
DAY 13/09/2006:	    534     464       1      53      25 23292980
DAY 14/09/2006:	    462     378      25      31      43 20228262
DAY 15/09/2006:	    366     313       2      40      20 13624751
DAY 16/09/2006:	    366     258      65      49      30 9778572
DAY 17/09/2006:	    273     222       1      41      21 8678597
DAY 18/09/2006:	    308     271      20      31      55 10331772
DAY 19/09/2006:	    208     173       1      19      22 8430401
DAY 20/09/2006:	     94      67       1      11      26 2222441
DAY 21/09/2006:	    156     110       0      19      26 4486491
DAY 22/09/2006:	    183     155       1      34      26 5267073
DAY 23/09/2006:	    164     115       6      43      36 3413681
DAY 24/09/2006:	    282     169      55      26      44 7861287
DAY 25/09/2006:	    288     251       0      36      58 9709843
DAY 26/09/2006:	    171     147       1      23      20 5353337
DAY 27/09/2006:	     69      46       0       8      20 891540
DAY 28/09/2006:	    369     319      10      52      40 13547203
DAY 29/09/2006:	    270     233       7      30      30 9530440
CUR 30/09/2006:	      3       2       0       1       2 2496
checksum	   8287    6542     419     954     919 292004544

# MONTHLY COUNTERS for the last 12 months
LASTMON: 09/2006
MON 01/2006:	  31816   24144    3351      42    1376 293460608
MON 02/2006:	  25956   20104    2945      22    1147 243916416
MON 03/2006:	  29120   22448    3596       6    1077 290738528
MON 04/2006:	  23818   17793    3363     828    1100 399089664
MON 05/2006:	   7997    6495     454     856     796 316699200
MON 06/2006:	   7317    5344     461     847    1036 242340640
MON 07/2006:	   5269    3823     280     569     809 184780784
MON 08/2006:	   5261    4046     333     579     716 182175392
MON 09/2005:	      0       0       0       0       0 0
MON 10/2005:	   4220    3295     461     160     117 37733168
MON 11/2005:	  29610   22580    3790       9     771 274639104
MON 12/2005:	  27792   22468    2382       0     929 281729248
checksum	 198176  152540   21416    3918    9874 2747302880

