# WWW History 2.4
# DAILY COUNTERS for summary period 1-31 Aug 2006
DAY 01/08/2006:	    254     202      30      23      27 9508035
DAY 02/08/2006:	     29      10       6       3      15 108201
DAY 03/08/2006:	     64      40       8       7      19 963080
DAY 04/08/2006:	    167     135       3      13      17 6589261
DAY 05/08/2006:	    135     109       7      14      16 6523377
DAY 06/08/2006:	    103      82       5      14      17 3129350
DAY 07/08/2006:	    244     219      10      30      10 10410806
DAY 08/08/2006:	    298     263       5      29      31 13666635
DAY 09/08/2006:	    179     156       6      24      20 5820882
DAY 10/08/2006:	    225     192       9      28      21 7792255
DAY 11/08/2006:	     80      66       0      14      19 1290908
DAY 12/08/2006:	    219     156      13      22      22 6844071
DAY 13/08/2006:	    174     159       0      20      15 6928338
DAY 14/08/2006:	    197     161       3      17      22 9094374
DAY 15/08/2006:	    178     119      12      20      41 4655934
DAY 16/08/2006:	    290     241       7      39      43 10075882
DAY 17/08/2006:	    342     231      84      23      28 12165274
DAY 18/08/2006:	    178     142       4      21      24 6576513
DAY 19/08/2006:	     82      53       4      10      16 2427877
DAY 20/08/2006:	    187     133       2      23      18 5551621
DAY 21/08/2006:	    252     202       5      28      21 10203838
DAY 22/08/2006:	     72      46      12      10      21 1158137
DAY 23/08/2006:	    174     150       3      13      21 8937067
DAY 24/08/2006:	     93      57       4      12      20 1158600
DAY 25/08/2006:	    138     103       7      15      50 5180368
DAY 26/08/2006:	    160     105      22      23      19 4024968
DAY 27/08/2006:	    158     125       6      15      23 5610042
DAY 28/08/2006:	    159     113       2      13      19 5563786
DAY 29/08/2006:	    185     148       1      22      21 6786310
DAY 30/08/2006:	    144      57      51      18      28 1375901
CUR 31/08/2006:	      2       0       0       0       1 427
checksum	   5162    3975     331     563     685 180123248

# MONTHLY COUNTERS for the last 12 months
LASTMON: 08/2006
MON 01/2006:	  31816   24144    3351      42    1376 293460608
MON 02/2006:	  25956   20104    2945      22    1147 243916416
MON 03/2006:	  29120   22448    3596       6    1077 290738528
MON 04/2006:	  23818   17793    3363     828    1100 399089664
MON 05/2006:	   7997    6495     454     856     796 316699200
MON 06/2006:	   7317    5344     461     847    1036 242340640
MON 07/2006:	   5269    3823     280     569     809 184780784
MON 08/2005:	      0       0       0       0       0 0
MON 09/2005:	      0       0       0       0       0 0
MON 10/2005:	   4220    3295     461     160     117 37733168
MON 11/2005:	  29610   22580    3790       9     771 274639104
MON 12/2005:	  27792   22468    2382       0     929 281729248
checksum	 192915  148494   21083    3339    9158 2565127392

