# WWW History 2.4
# DAILY COUNTERS for summary period 1-30 Jun 2006
DAY 01/06/2006:	    211     143      44      26      23 5582938
DAY 02/06/2006:	    278     238       5      33      32 11885222
DAY 03/06/2006:	     63      26       4      10      22 1444762
DAY 04/06/2006:	    184     137       4      22      29 6795984
DAY 05/06/2006:	    233     200       1      23      27 10587556
DAY 06/06/2006:	    193     148       1      26      43 5895998
DAY 07/06/2006:	    113      79       0      10      26 735714
DAY 08/06/2006:	    294     246       4      25      38 12529165
DAY 09/06/2006:	    270     235       0      28      25 12816048
DAY 10/06/2006:	    339     159       3      32      38 6212139
DAY 11/06/2006:	    199      20       1       5      23 48542
DAY 12/06/2006:	    162     135       4      31      33 3024590
DAY 13/06/2006:	    927     751     130     112      73 36738244
DAY 14/06/2006:	    465     271     129      61      30 11790966
DAY 15/06/2006:	    240     178      24      46      28 6658901
DAY 16/06/2006:	    117      82       2      14      24 2935253
DAY 17/06/2006:	     89      32       1       9      23 468649
DAY 18/06/2006:	    167     129       2      16      36 6821398
DAY 19/06/2006:	    295     236       2      30      31 11316056
DAY 20/06/2006:	    220     135      49      17      45 6856129
DAY 21/06/2006:	    294     241       8      49      59 10274308
DAY 22/06/2006:	    105      63       5      13      26 1942962
DAY 23/06/2006:	    160     139       2      20      17 5680582
DAY 24/06/2006:	    133      86       4      13      25 3304916
DAY 25/06/2006:	    154      89       5      13      31 4499044
DAY 26/06/2006:	    359     309       8      39      83 15677681
DAY 27/06/2006:	    153     104       5      14      46 4332205
DAY 28/06/2006:	    413     340       2      47      37 16915876
DAY 29/06/2006:	    210     171       8      23      24 8547052
CUR 30/06/2006:	      5       0       1       0       3 843
checksum	   7045    5122     458     807    1000 232322528

# MONTHLY COUNTERS for the last 12 months
LASTMON: 06/2006
MON 01/2006:	  31816   24144    3351      42    1376 293460608
MON 02/2006:	  25956   20104    2945      22    1147 243916416
MON 03/2006:	  29120   22448    3596       6    1077 290738528
MON 04/2006:	  23818   17793    3363     828    1100 399089664
MON 05/2006:	   7997    6495     454     856     796 316699200
MON 06/2005:	      0       0       0       0       0 0
MON 07/2005:	      0       0       0       0       0 0
MON 08/2005:	      0       0       0       0       0 0
MON 09/2005:	      0       0       0       0       0 0
MON 10/2005:	   4220    3295     461     160     117 37733168
MON 11/2005:	  29610   22580    3790       9     771 274639104
MON 12/2005:	  27792   22468    2382       0     929 281729248
checksum	 180329  139327   20342    1923    7313 2138005984

