# WWW History 2.4
# DAILY COUNTERS for summary period 1-30 Apr 2006
DAY 01/04/2006:	    478     439       1       0      23 5874207
DAY 02/04/2006:	   1322    1197       0       0      20 17063512
DAY 03/04/2006:	    704     446     223       0      24 5532609
DAY 04/04/2006:	    709     558       0       0      29 5430478
DAY 05/04/2006:	    651     541      31       0      33 5454929
DAY 06/04/2006:	    532     405      25       0      23 4099887
DAY 07/04/2006:	    564     406      86       0      27 4929841
DAY 08/04/2006:	    511     414       4       0      28 5132486
DAY 09/04/2006:	    809     683      75       0      31 9109115
DAY 10/04/2006:	   2652    1212    1171       0      39 15361805
DAY 11/04/2006:	    607     374     170       0      12 2347352
DAY 12/04/2006:	    847     716       0       0      28 8225685
DAY 13/04/2006:	    645     592       4       0      15 7309618
DAY 14/04/2006:	    254     188       0      10      27 1964266
DAY 15/04/2006:	    133     106       1       0      15 1533975
DAY 16/04/2006:	    525     482       0       0      78 6329464
DAY 17/04/2006:	    595     531       0       0      27 6356282
DAY 18/04/2006:	   1608    1404      19       0      42 17203924
DAY 19/04/2006:	   1194     986      54      14      74 10526068
DAY 20/04/2006:	   1120     811     207       0      33 6671802
DAY 21/04/2006:	   1726    1139     396     237      78 48177928
DAY 22/04/2006:	   1502    1035     411     175      85 55619184
DAY 23/04/2006:	    741     571     108      68      35 29114012
DAY 24/04/2006:	   1194     877     233      99      46 45146872
DAY 25/04/2006:	    511     393      12      55      38 19210710
DAY 26/04/2006:	    281     207       1      34      39 8997422
DAY 27/04/2006:	    536     408      51      52      49 18721556
DAY 28/04/2006:	    391     267      78      29      24 10306072
DAY 29/04/2006:	    251     222       0      33      29 8842927
CUR 30/04/2006:	      8       6       0       1       3 15842
checksum	  23601   17616    3361     807    1054 390613664

# MONTHLY COUNTERS for the last 12 months
LASTMON: 04/2006
MON 01/2006:	  31816   24144    3351      42    1376 293460608
MON 02/2006:	  25956   20104    2945      22    1147 243916416
MON 03/2006:	  29120   22448    3596       6    1077 290738528
MON 04/2005:	      0       0       0       0       0 0
MON 05/2005:	      0       0       0       0       0 0
MON 06/2005:	      0       0       0       0       0 0
MON 07/2005:	      0       0       0       0       0 0
MON 08/2005:	      0       0       0       0       0 0
MON 09/2005:	      0       0       0       0       0 0
MON 10/2005:	   4220    3295     461     160     117 37733168
MON 11/2005:	  29610   22580    3790       9     771 274639104
MON 12/2005:	  27792   22468    2382       0     929 281729248
checksum	 148514  115039   16525     239    5417 1422217184

