# WWW History 2.4
# DAILY COUNTERS for summary period 1-31 May 2009
DAY 01/05/2009:	    125     118       0      38      17 818613
DAY 02/05/2009:	    268     251       3      61      19 9492372
DAY 03/05/2009:	    296     275      11      60      25 9700618
DAY 04/05/2009:	    354     332       2      62      21 13835455
DAY 05/05/2009:	    233     212       2      55      27 4300124
DAY 06/05/2009:	    198     162      17      54      16 3758427
DAY 07/05/2009:	    223     198      12      55      27 7761554
DAY 08/05/2009:	    124     107       7      52      19 1172513
DAY 09/05/2009:	    280     225      44      55      13 8605390
DAY 10/05/2009:	     76      48       1      36      21 574810
DAY 11/05/2009:	    426     364      37      59      27 17065676
DAY 12/05/2009:	    129     112       5      49      25 2851143
DAY 13/05/2009:	    586     536      22      84      33 23561748
DAY 14/05/2009:	    456     421       4      57      29 18792204
DAY 15/05/2009:	    142     117      11      50      22 2154848
DAY 16/05/2009:	    223     198       5      51      24 5936963
DAY 17/05/2009:	    258     229       5      51      22 10453098
DAY 18/05/2009:	    542     514       7      75      24 22181276
DAY 19/05/2009:	    400     368       6      60      25 11535735
DAY 20/05/2009:	    452     358      22      64      33 16717336
DAY 21/05/2009:	    373     342       7      59      22 14624116
DAY 22/05/2009:	    320     294       7      71      27 8906125
DAY 23/05/2009:	    129     112       5      37      17 4400614
DAY 24/05/2009:	    401     331      51      54      53 14518604
DAY 25/05/2009:	    143     128       1      43      14 4380456
DAY 26/05/2009:	    670     629       9     102      34 24695588
DAY 27/05/2009:	    414     371      16      80      35 12720722
DAY 28/05/2009:	    346     327       0      63      20 12894888
DAY 29/05/2009:	    340     322       1      57      19 12409344
DAY 30/05/2009:	     64      42       1      36      20 182967
CUR 31/05/2009:	      5       4       0       3       1 3070
checksum	   8996    8047     321    1733     731 301008608

# MONTHLY COUNTERS for the last 12 months
LASTMON: 05/2009
MON 01/2009:	   9166    7318     777    1230     643 313689696
MON 02/2009:	  12815   10485    1693    1264     644 501024672
MON 03/2009:	  12123   10061     898    1406     873 398128288
MON 04/2009:	  11615    9720     910    2365     881 349981280
MON 05/2008:	   6990    6257     217     895     661 254539328
MON 06/2008:	   6334    5548     181     858     561 226789936
MON 07/2008:	  16606   15436     425    1567     790 719388736
MON 08/2008:	   8521    7624     174    1021     632 337928320
MON 09/2008:	  15944    6501     126     911     528 291016320
MON 10/2008:	   5434    4229     134     767     564 169371456
MON 11/2008:	   6217    5369     199     923     515 224911872
MON 12/2008:	   7028    5853     206    1074     609 255918272
checksum	 118793   94401    5940   14281    7901 4042687936

