# WWW History 2.4
# DAILY COUNTERS for summary period 1-30 Apr 2009
DAY 01/04/2009:	    415     382       4      81      30 15164746
DAY 02/04/2009:	    475     435      11      91      27 11100536
DAY 03/04/2009:	    386     310      45      79      24 8795551
DAY 04/04/2009:	    769     605     112      89      89 26721460
DAY 05/04/2009:	    747     614      85      94      25 28080944
DAY 06/04/2009:	    326     217      49      91      29 6816891
DAY 07/04/2009:	    556     461      47     107      35 17918792
DAY 08/04/2009:	    274     236       3      85      35 3479682
DAY 09/04/2009:	    349     297       5      97      26 7626384
DAY 10/04/2009:	    783     732       4     135      40 28868748
DAY 11/04/2009:	    592     523      34     122      32 23584300
DAY 12/04/2009:	     31      26       0      10       4 681356
DAY 13/04/2009:	    226     199       2      70      20 7206012
DAY 14/04/2009:	    516     468      25      97      24 17564552
DAY 15/04/2009:	    502     474       4      90      77 19621272
DAY 16/04/2009:	    194     167       6      72      22 3855294
DAY 17/04/2009:	    578     445     109      86      30 18238248
DAY 18/04/2009:	    352     268      57      75      24 9785709
DAY 19/04/2009:	    148     100       5      61      17 2683760
DAY 20/04/2009:	    263     208      24      72      27 4689539
DAY 21/04/2009:	    355     324       1      90      25 11831837
DAY 22/04/2009:	    452     322      82      82      28 9660055
DAY 23/04/2009:	    334     305       4      82      34 10339728
DAY 24/04/2009:	    566     426     103      75      25 21002096
DAY 25/04/2009:	    129      94       0      72      23 259856
DAY 26/04/2009:	    183     145       3      53      22 3494889
DAY 27/04/2009:	    217     153      28      52      27 5022828
DAY 28/04/2009:	      8       7       0       4       0 54924
DAY 29/04/2009:	    414     360      21      71      25 12797992
CUR 30/04/2009:	      7       6       0       5       1 16667
checksum	  11147    9309     873    2290     847 336970272

# MONTHLY COUNTERS for the last 12 months
LASTMON: 04/2009
MON 01/2009:	   9166    7318     777    1230     643 313689696
MON 02/2009:	  12815   10485    1693    1264     644 501024672
MON 03/2009:	  12123   10061     898    1406     873 398128288
MON 04/2008:	   7986    7267     186    1031     793 298905088
MON 05/2008:	   6990    6257     217     895     661 254539328
MON 06/2008:	   6334    5548     181     858     561 226789936
MON 07/2008:	  16606   15436     425    1567     790 719388736
MON 08/2008:	   8521    7624     174    1021     632 337928320
MON 09/2008:	  15944    6501     126     911     528 291016320
MON 10/2008:	   5434    4229     134     767     564 169371456
MON 11/2008:	   6217    5369     199     923     515 224911872
MON 12/2008:	   7028    5853     206    1074     609 255918272
checksum	 115164   91948    5216   12947    7813 3991611840

