# WWW History 2.4
# DAILY COUNTERS for summary period 1-30 Sep 2009
DAY 01/09/2009:	   1987     960     895     440      64 22282740
DAY 02/09/2009:	    424     370      22      45      45 13369721
DAY 03/09/2009:	   1058     790     161     256      47 21322312
DAY 04/09/2009:	    684     453     202     146      33 12923190
DAY 05/09/2009:	    385     364       5      35      32 16137914
DAY 06/09/2009:	    323     285       2      37      39 11859010
DAY 07/09/2009:	    632     596       6      59      27 29944888
DAY 08/09/2009:	    575     517      15      61      33 19822348
DAY 09/09/2009:	    612     550      30      70      48 20857006
DAY 10/09/2009:	    650     617       3      55      36 28173208
DAY 11/09/2009:	    411     368       7      48      34 15370612
DAY 12/09/2009:	    625     479      18      58      32 20125612
DAY 13/09/2009:	    609     556      19      73      35 26982362
DAY 14/09/2009:	    355     312      16      38      49 10815269
DAY 15/09/2009:	    677     583      61      75      33 22187504
DAY 16/09/2009:	    516     456      18      56      31 19245584
DAY 17/09/2009:	    798     645     104      86      47 23854464
DAY 18/09/2009:	    716     598      41     199      43 13606517
DAY 19/09/2009:	    370     336       4      42      40 18678556
DAY 20/09/2009:	    617     509      74      87      53 23759696
DAY 21/09/2009:	    584     542      12      47      54 24996500
DAY 22/09/2009:	    710     656      28      83      54 31457228
DAY 23/09/2009:	   1608    1471      57     133     118 65220580
DAY 24/09/2009:	   1388    1193     125     251      76 49869032
DAY 25/09/2009:	    746     635      58      78      55 25015020
DAY 26/09/2009:	    404     375       1      59      37 15326051
DAY 27/09/2009:	    751     692      13      79      48 32727370
DAY 28/09/2009:	   1207    1070      77     117      46 47495432
DAY 29/09/2009:	    417     378       6      57      32 16359330
CUR 30/09/2009:	     82      75       0       6       5 2726526
checksum	  20921   17431    2080    2876    1326 702523200

# MONTHLY COUNTERS for the last 12 months
LASTMON: 09/2009
MON 01/2009:	   9166    7318     777    1230     643 313689696
MON 02/2009:	  12815   10485    1693    1264     644 501024672
MON 03/2009:	  12123   10061     898    1406     873 398128288
MON 04/2009:	  11615    9720     910    2365     881 349981280
MON 05/2009:	   9634    8600     388    1803     760 329647072
MON 06/2009:	  16491   14581     984    2086    1093 622120832
MON 07/2009:	  13231   11746     378    1439     975 510746368
MON 08/2009:	  12036   10718     315    1429    1116 443771008
MON 09/2008:	  15944    6501     126     911     528 291016320
MON 10/2008:	   5434    4229     134     767     564 169371456
MON 11/2008:	   6217    5369     199     923     515 224911872
MON 12/2008:	   7028    5853     206    1074     609 255918272
checksum	 131734  105181    7008   16697    9201 4410326976

