# WWW History 2.4
# DAILY COUNTERS for summary period 1-31 Dec 2009
DAY 01/12/2009:	    979     800     144      77      30 38552228
DAY 02/12/2009:	    462     409      11      44      36 15526989
DAY 03/12/2009:	    724     665       5      71      67 31269794
DAY 04/12/2009:	    357     327       3      38      30 13850365
DAY 05/12/2009:	    358     331       1      46      33 15307479
DAY 06/12/2009:	    693     650      19      69      35 30374464
DAY 07/12/2009:	    554     486      39      69      28 19818954
DAY 08/12/2009:	    807     761       1      89      38 34946520
DAY 09/12/2009:	    275     248       1      72      62 9607535
DAY 10/12/2009:	    613     571       3     119      69 21464824
DAY 11/12/2009:	    565     531       5     120      82 21013292
DAY 12/12/2009:	    234     211       1      84      60 5654099
DAY 13/12/2009:	    552     526       5     109      67 20475640
DAY 14/12/2009:	    490     462       2     118      67 13173071
DAY 15/12/2009:	    342     290       2      92      56 9749708
DAY 16/12/2009:	    308     284       6      83      63 9054452
DAY 17/12/2009:	    357     326       4      99      67 10653922
DAY 18/12/2009:	    330     297       4      90      63 8386074
DAY 19/12/2009:	    212     175      20      66      55 5516702
DAY 20/12/2009:	    654     571      56     125      97 23948020
DAY 21/12/2009:	   1185    1133      10     150      76 53952936
DAY 22/12/2009:	    533     508       3     100      61 19785720
DAY 23/12/2009:	    329     283      26      81      55 11410401
DAY 24/12/2009:	    382     338      16      78      65 12066238
DAY 25/12/2009:	    246     228       2      73      49 6665718
DAY 26/12/2009:	    344     310       5      89      88 13335902
DAY 27/12/2009:	    577     529      20     122      68 19981532
DAY 28/12/2009:	    594     529      34     100      68 22702380
DAY 29/12/2009:	    660     616      21     100      63 27486596
DAY 30/12/2009:	    382     331      25      92      63 12049802
CUR 31/12/2009:	     20      19       0      11       8 131302
checksum	  15118   13745     494    2676    1769 557920256

# MONTHLY COUNTERS for the last 12 months
LASTMON: 12/2009
MON 01/2009:	   9166    7318     777    1230     643 313689696
MON 02/2009:	  12815   10485    1693    1264     644 501024672
MON 03/2009:	  12123   10061     898    1406     873 398128288
MON 04/2009:	  11615    9720     910    2365     881 349981280
MON 05/2009:	   9634    8600     388    1803     760 329647072
MON 06/2009:	  16491   14581     984    2086    1093 622120832
MON 07/2009:	  13231   11746     378    1439     975 510746368
MON 08/2009:	  12036   10718     315    1429    1116 443771008
MON 09/2009:	  21299   17791    2081    2946    1379 715588288
MON 10/2009:	  18550   16636     681    2196    1352 706144512
MON 11/2009:	  13809   12065     671    1550    1081 517595776
MON 12/2008:	   7028    5853     206    1074     609 255918272
checksum	 157797  135574    9982   20788   11406 5664356032

