# WWW History 2.4
# DAILY COUNTERS for summary period 1-31 May 2007
DAY 01/05/2007:	    227     152      51      17      17 6536314
DAY 02/05/2007:	    188     173       0      29      13 7993568
DAY 03/05/2007:	    312     281      16      38      18 12710350
DAY 04/05/2007:	    108      86       0      16      15 3276244
DAY 05/05/2007:	     90      73       1      13      12 2909362
DAY 06/05/2007:	    164     146       2      22      42 6155551
DAY 07/05/2007:	    215     203       1      25      17 8873462
DAY 08/05/2007:	    353     283      44      40      22 11554643
DAY 09/05/2007:	    112      84       6      17      26 2647315
DAY 10/05/2007:	    203     169       6      30      26 5820602
DAY 11/05/2007:	    197     163      25      30      12 6916640
DAY 12/05/2007:	     74      47       6       8      16 1503186
DAY 13/05/2007:	    134     122       0      25      33 4563276
DAY 14/05/2007:	    223     193       2      28      26 7130735
DAY 15/05/2007:	    488     457      11      67      22 20616644
DAY 16/05/2007:	    148     102      16      19      14 3986470
DAY 17/05/2007:	     78      43      15      17      16 635776
DAY 18/05/2007:	    136     113       2      18      15 4104961
DAY 19/05/2007:	     84      71       1      12      16 2811970
DAY 20/05/2007:	    139     123       3      21      22 5070301
DAY 21/05/2007:	    162     147       0      20      36 5538344
DAY 22/05/2007:	    126      88      11      15      18 2764839
DAY 23/05/2007:	     96      80      10      11      10 3710131
DAY 24/05/2007:	   1799    1715      35     191      50 80547376
DAY 25/05/2007:	   1094    1042      20     116      35 49081296
DAY 26/05/2007:	    277     254       2      26      16 12123462
DAY 27/05/2007:	    475     430       2      59      30 18698820
DAY 28/05/2007:	    390     334      21      61      19 14455503
DAY 29/05/2007:	    979     910      45     124      27 42311384
DAY 30/05/2007:	    565     517      24      61      26 23993900
CUR 31/05/2007:	     14      14       0       1       1 692918
checksum	   9650    8615     378    1177     668 379739776

# MONTHLY COUNTERS for the last 12 months
LASTMON: 05/2007
MON 01/2007:	   9705    8135     789    1132     685 358481632
MON 02/2007:	   5252    4283     365     682     455 184423680
MON 03/2007:	   5027    3942     226     629     606 162808848
MON 04/2007:	   6918    5948     246     885     634 251151584
MON 05/2006:	   7997    6495     454     856     796 316699200
MON 06/2006:	   7317    5344     461     847    1036 242340640
MON 07/2006:	   5269    3823     280     569     809 184780784
MON 08/2006:	   5261    4046     333     579     716 182175392
MON 09/2006:	   8663    6890     419     996     935 307625952
MON 10/2006:	   8573    6984     630     935     851 298969568
MON 11/2006:	   5517    4485     386     686     553 186780592
MON 12/2006:	   4949    3879     169     622     688 162067856
checksum	  80448   64254    4758    9418    8764 2838305680

