# WWW History 2.4
# DAILY COUNTERS for summary period 1-28 Feb 2010
DAY 01/02/2010:	    587     554       4     115      54 21862424
DAY 02/02/2010:	    388     349       6      78      35 14737328
DAY 03/02/2010:	    994     943       4     146     130 43363976
DAY 04/02/2010:	    736     645      51      87      36 28403028
DAY 05/02/2010:	    708     662       0     123      57 24517108
DAY 06/02/2010:	    368     335       3      78      47 14233536
DAY 07/02/2010:	    323     267       3      62      29 10204059
DAY 08/02/2010:	    614     553       9     107      65 19341216
DAY 09/02/2010:	    760     645      30     110      56 30364196
DAY 10/02/2010:	    700     652       5     111      38 18891608
DAY 11/02/2010:	    482     423       9     101      57 14478959
DAY 12/02/2010:	    279     220       3      95      52 6397554
DAY 13/02/2010:	    430     380       6     102      54 14788717
DAY 14/02/2010:	    305     268       4      80     100 11566570
DAY 15/02/2010:	    379     346       2      78      32 13249960
DAY 16/02/2010:	    403     355      20      91      46 9433269
DAY 17/02/2010:	    249     206       1      64      32 8093397
DAY 18/02/2010:	    433     403       2      84      30 15223440
DAY 19/02/2010:	    578     542       1      86      31 20688732
DAY 20/02/2010:	    884     845       2      99      42 40018292
DAY 21/02/2010:	    788     716      44     103      46 33554112
DAY 22/02/2010:	    599     530      24     103      43 18951380
DAY 23/02/2010:	    508     474       4      79      27 19701792
DAY 24/02/2010:	    288     254       2      84      43 7306625
DAY 25/02/2010:	    449     415       2      59      32 17714032
DAY 26/02/2010:	    644     545      64      74      31 24873764
DAY 27/02/2010:	    479     398      60      62      28 17797600
CUR 28/02/2010:	      3       2       0       2       1 2002
checksum	  14358   12927     365    2463    1274 519765472

# MONTHLY COUNTERS for the last 12 months
LASTMON: 02/2010
MON 01/2010:	  15403   14136     298    3265    2125 530407200
MON 02/2009:	  12815   10485    1693    1264     644 501024672
MON 03/2009:	  12123   10061     898    1406     873 398128288
MON 04/2009:	  11615    9720     910    2365     881 349981280
MON 05/2009:	   9634    8600     388    1803     760 329647072
MON 06/2009:	  16491   14581     984    2086    1093 622120832
MON 07/2009:	  13231   11746     378    1439     975 510746368
MON 08/2009:	  12036   10718     315    1429    1116 443771008
MON 09/2009:	  21299   17791    2081    2946    1379 715588288
MON 10/2009:	  18550   16636     681    2196    1352 706144512
MON 11/2009:	  13809   12065     671    1550    1081 517595776
MON 12/2009:	  15372   13975     500    2756    1827 564300224
checksum	 172378  150514    9797   24505   14106 6189455296

