# WWW History 2.4
# DAILY COUNTERS for summary period 1-31 Mar 2007
DAY 01/03/2007:	    200     180       6      36      25 8260853
DAY 02/03/2007:	    122      99       5      18      14 3428260
DAY 03/03/2007:	    156     137       5      23      20 5732177
DAY 04/03/2007:	    148     131       0      15      20 5557931
DAY 05/03/2007:	    609     524      63      69      36 25167914
DAY 06/03/2007:	    270     258       0      42      18 10826898
DAY 07/03/2007:	     40      20       7       5      15 373471
DAY 08/03/2007:	    114      72      26      13      19 2435183
DAY 09/03/2007:	    174     136       4      21      18 5032839
DAY 10/03/2007:	    175     127       5      14      44 5800756
DAY 11/03/2007:	     16       5       2       4      10 4958
DAY 12/03/2007:	     95      72       4      14      26 2533707
DAY 13/03/2007:	     88      62       1      16      25 1726020
DAY 14/03/2007:	     97      84       1      20      18 1679087
DAY 15/03/2007:	    117      86       5      19      19 2546313
DAY 16/03/2007:	     38      13       4       7      11 149209
DAY 17/03/2007:	    183     137       1      17      22 6626948
DAY 18/03/2007:	     98      84       2      23      17 2596278
DAY 19/03/2007:	    168     145       3      15      17 6497794
DAY 20/03/2007:	    147      33       5       7      16 496462
DAY 21/03/2007:	    168     149       1      25      17 5922046
DAY 22/03/2007:	    319     242       3      41      21 10534623
DAY 23/03/2007:	    108      97       2      15      14 3808332
DAY 24/03/2007:	     50      26       3       7      15 778262
DAY 25/03/2007:	    173     148       1      23      17 6695530
DAY 26/03/2007:	    105      79      18      13      11 3083374
DAY 27/03/2007:	    416     339      46      51      26 13796436
DAY 28/03/2007:	    159      79       2       8      23 3778800
DAY 29/03/2007:	    306     297       0      28      11 14169298
DAY 30/03/2007:	     48      33       1      11      13 718754
CUR 31/03/2007:	     32       0       0       0       2 7339
checksum	   4939    3894     226     620     580 160766464

# MONTHLY COUNTERS for the last 12 months
LASTMON: 03/2007
MON 01/2007:	   9705    8135     789    1132     685 358481632
MON 02/2007:	   5252    4283     365     682     455 184423680
MON 03/2006:	  29120   22448    3596       6    1077 290738528
MON 04/2006:	  23818   17793    3363     828    1100 399089664
MON 05/2006:	   7997    6495     454     856     796 316699200
MON 06/2006:	   7317    5344     461     847    1036 242340640
MON 07/2006:	   5269    3823     280     569     809 184780784
MON 08/2006:	   5261    4046     333     579     716 182175392
MON 09/2006:	   8663    6890     419     996     935 307625952
MON 10/2006:	   8573    6984     630     935     851 298969568
MON 11/2006:	   5517    4485     386     686     553 186780592
MON 12/2006:	   4949    3879     169     622     688 162067856
checksum	 121441   94605   11245    8738    9701 3114173840

