# WWW History 2.4
# DAILY COUNTERS for summary period 1-31 Dec 2007
DAY 01/12/2007:	    187     172       0      20      15 6808079
DAY 02/12/2007:	    289     254       2      32      22 11027976
DAY 03/12/2007:	    194     174       1      18      18 7342691
DAY 04/12/2007:	     68      53       1      13      16 1157467
DAY 05/12/2007:	    287     263       0      35      35 11067822
DAY 06/12/2007:	    183     167       0      24      12 6119986
DAY 07/12/2007:	    238     213       0      38      21 8407610
DAY 08/12/2007:	     40      24       2       5      11 556301
DAY 09/12/2007:	    221     208       1      31      14 8426650
DAY 10/12/2007:	    259     205       0      28      21 7382287
DAY 11/12/2007:	    320     294       2      39      46 13191201
DAY 12/12/2007:	    288     244      22      29      23 9845333
DAY 13/12/2007:	    329     280      30      39      19 10369258
DAY 14/12/2007:	    195     165       0      19      23 6474368
DAY 15/12/2007:	    366     243     103      43      22 11260598
DAY 16/12/2007:	    213     196       1      26      18 8295349
DAY 17/12/2007:	    549     518       7      63      25 22651414
DAY 18/12/2007:	     80      59       9      12      12 1799900
DAY 19/12/2007:	     86      69       2      19      21 1544577
DAY 20/12/2007:	    351     338       1      48      17 14446066
DAY 21/12/2007:	    135     107       1      16      13 4462917
DAY 22/12/2007:	    237     221       4      30      19 9513508
DAY 23/12/2007:	     83      69       5      11       9 2551312
DAY 24/12/2007:	    192     183       0      35      15 6726764
DAY 25/12/2007:	     98      77       1      20      24 2003750
DAY 26/12/2007:	    636     531      91      82      20 23500364
DAY 27/12/2007:	    214     186       7      34      16 7203652
DAY 28/12/2007:	    140     129       1      15      34 5603914
DAY 29/12/2007:	     53      46       1       9      11 810765
DAY 30/12/2007:	    181     174       0      13      13 9225676
CUR 31/12/2007:	      0       0       0       0       0 0
checksum	   6712    5862     295     846     585 239779360

# MONTHLY COUNTERS for the last 12 months
LASTMON: 12/2007
MON 01/2007:	   9705    8135     789    1132     685 358481632
MON 02/2007:	   5252    4283     365     682     455 184423680
MON 03/2007:	   5027    3942     226     629     606 162808848
MON 04/2007:	   6918    5948     246     885     634 251151584
MON 05/2007:	  10017    8959     381    1225     697 394098144
MON 06/2007:	   6356    5545     213     860     708 236012752
MON 07/2007:	   6155    5212     218     827     741 211462880
MON 08/2007:	   6348    5113     216     771     607 215511520
MON 09/2007:	  10472    9388     485    1155     850 420721792
MON 10/2007:	  11340    9902     685    1259     728 419258272
MON 11/2007:	   8336    7363     402     980     675 297992928
MON 12/2006:	   4949    3879     169     622     688 162067856
checksum	  90875   77669    4395   11027    8074 3313992336

