# WWW History 2.4
# DAILY COUNTERS for summary period 1-31 Jan 2008
DAY 01/01/2008:	    182     162       6      18      23 6296677
DAY 02/01/2008:	    366     334       9      38      22 15069829
DAY 03/01/2008:	    227     211       2      23      21 9827725
DAY 04/01/2008:	    185     171       2      18      11 7614799
DAY 05/01/2008:	    214     202       1      23      42 8764325
DAY 06/01/2008:	    124     112       1      20      11 3984498
DAY 07/01/2008:	    253     239       1      34      16 9925329
DAY 08/01/2008:	    257     236       1      33      20 9065731
DAY 09/01/2008:	    242     214       5      31      16 8647002
DAY 10/01/2008:	    357     329       9      41      22 13313933
DAY 11/01/2008:	   5184    4970     133     424     140 241038800
DAY 12/01/2008:	    670     624      15      60      18 29539452
DAY 13/01/2008:	    353     326       1      32      27 14669071
DAY 14/01/2008:	    994     913      62     100      46 41045936
DAY 15/01/2008:	    699     605      77      74      21 26886016
DAY 16/01/2008:	    527     475       5      50      35 21389064
DAY 17/01/2008:	    153     136       4      25      21 3609493
DAY 18/01/2008:	    350     328       1      39      19 15048638
DAY 19/01/2008:	    308     281       8      27      34 12496322
DAY 20/01/2008:	    198     169       0      29      20 6615567
DAY 21/01/2008:	    328     304       8      38      24 13167220
DAY 22/01/2008:	    413     374      13      47      28 16059642
DAY 23/01/2008:	    312     276      22      48      22 12302797
DAY 24/01/2008:	    373     320      18      53      28 12726477
DAY 25/01/2008:	    296     279       3      35      18 12359585
DAY 26/01/2008:	    234     206      11      36      16 8045524
DAY 27/01/2008:	    308     272       0      47      16 11491660
DAY 28/01/2008:	    439     327      97      69      24 14876013
DAY 29/01/2008:	    456     420      22      52      17 19705950
DAY 30/01/2008:	    358     329      15      49      29 13587044
CUR 31/01/2008:	      6       6       0       1       1 112731
checksum	  15366   14150     552    1614     808 639289408

# MONTHLY COUNTERS for the last 12 months
LASTMON: 01/2008
MON 01/2007:	   9705    8135     789    1132     685 358481632
MON 02/2007:	   5252    4283     365     682     455 184423680
MON 03/2007:	   5027    3942     226     629     606 162808848
MON 04/2007:	   6918    5948     246     885     634 251151584
MON 05/2007:	  10017    8959     381    1225     697 394098144
MON 06/2007:	   6356    5545     213     860     708 236012752
MON 07/2007:	   6155    5212     218     827     741 211462880
MON 08/2007:	   6348    5113     216     771     607 215511520
MON 09/2007:	  10472    9388     485    1155     850 420721792
MON 10/2007:	  11340    9902     685    1259     728 419258272
MON 11/2007:	   8336    7363     402     980     675 297992928
MON 12/2007:	   6757    5896     295     856     594 240363088
checksum	  92683   79686    4521   11261    7980 3392287568

