# WWW History 2.4
# DAILY COUNTERS for summary period 1-30 Nov 2008
DAY 01/11/2008:	      0       0       0       0       0 0
DAY 02/11/2008:	    188     131       1      28      16 5080034
DAY 03/11/2008:	    200     180       0      34      18 6355556
DAY 04/11/2008:	    145     127       1      27      18 5694903
DAY 05/11/2008:	    341     311       1      53      22 12392661
DAY 06/11/2008:	    552     516       0      63      21 22574324
DAY 07/11/2008:	    162     146       0      21      12 6095738
DAY 08/11/2008:	    143     126       1      18      12 4819590
DAY 09/11/2008:	    174     149       1      33      14 5631253
DAY 10/11/2008:	    238     218       1      35      17 8786136
DAY 11/11/2008:	    349     329       1      46      21 14312268
DAY 12/11/2008:	    156     130       8      29      16 5336063
DAY 13/11/2008:	    232     161      58      36      17 7212129
DAY 14/11/2008:	    151     122       0      21      23 5006453
DAY 15/11/2008:	     44      22       0       8      11 248806
DAY 16/11/2008:	    253     236       1      46      20 9010942
DAY 17/11/2008:	    114      96       1      25      23 2851728
DAY 18/11/2008:	    214     186      11      29      23 8066459
DAY 19/11/2008:	    135     112       0      29      16 3327509
DAY 20/11/2008:	     51      34       0      16      19 1127162
DAY 21/11/2008:	    324     301       1      46      18 12246380
DAY 22/11/2008:	     99      85       1      15      14 3957406
DAY 23/11/2008:	    134     116       1      26      14 4703374
DAY 24/11/2008:	    146     102       0      29      26 3051002
DAY 25/11/2008:	    272     253       0      44      19 11004361
DAY 26/11/2008:	    124     102       2      22      16 2921465
DAY 27/11/2008:	     26      18       0      11      17 735187
DAY 28/11/2008:	    301     278       0      32      21 12331033
DAY 29/11/2008:	    757     618      99      84      17 30803180
CUR 30/11/2008:	      4       2       0       1       2 1772
checksum	   6029    5207     190     907     503 215686320

# MONTHLY COUNTERS for the last 12 months
LASTMON: 11/2008
MON 01/2008:	  15768   14505     580    1663     844 654937024
MON 02/2008:	   9208    8077     185    1119     675 328470464
MON 03/2008:	   8965    7860     476    1075     810 345367648
MON 04/2008:	   7986    7267     186    1031     793 298905088
MON 05/2008:	   6990    6257     217     895     661 254539328
MON 06/2008:	   6334    5548     181     858     561 226789936
MON 07/2008:	  16606   15436     425    1567     790 719388736
MON 08/2008:	   8521    7624     174    1021     632 337928320
MON 09/2008:	  15944    6501     126     911     528 291016320
MON 10/2008:	   5434    4229     134     767     564 169371456
MON 11/2007:	   8336    7363     402     980     675 297992928
MON 12/2007:	   6757    5896     295     856     594 240363088
checksum	 116849   96563    3381   12743    8127 4165069904

