# WWW History 2.4
# DAILY COUNTERS for summary period 1-30 Nov 2009
DAY 01/11/2009:	    399     358      16      54      29 17022494
DAY 02/11/2009:	    477     433       4      46      35 11942256
DAY 03/11/2009:	    595     555       2      67      39 20363872
DAY 04/11/2009:	    666     584      32      79      45 23033008
DAY 05/11/2009:	    510     474       3      68      38 17586416
DAY 06/11/2009:	    353     324       3      49      56 15676445
DAY 07/11/2009:	    202     158       1      24      19 6088152
DAY 08/11/2009:	    542     510       1      73      28 20024268
DAY 09/11/2009:	    690     645       6      79      47 25736262
DAY 10/11/2009:	    338     294      19      52      32 10654626
DAY 11/11/2009:	    888     772      49      71      53 37893700
DAY 12/11/2009:	    276     250       2      44      28 10810094
DAY 13/11/2009:	    283     254       4      24      24 9813889
DAY 14/11/2009:	    229     146      58      34      30 4928524
DAY 15/11/2009:	    332     276      31      29      22 11960919
DAY 16/11/2009:	    284     255       5      27      25 8952145
DAY 17/11/2009:	    858     722      60      92      41 31992728
DAY 18/11/2009:	    417     367      14      46      36 17833420
DAY 19/11/2009:	    384     345      11      41      91 15992094
DAY 20/11/2009:	    576     523      18      64      33 24420140
DAY 21/11/2009:	    477     428      27      49      34 19412312
DAY 22/11/2009:	    206     130      54      34      28 7043341
DAY 23/11/2009:	    374     327       1      62      43 11872219
DAY 24/11/2009:	    546     439      64      62      33 19014756
DAY 25/11/2009:	    192     131       4      27      33 3225079
DAY 26/11/2009:	    184     163       4      27      22 7769569
DAY 27/11/2009:	    796     698      66      58      30 36425616
DAY 28/11/2009:	    244     213      10      28      31 8548282
DAY 29/11/2009:	    501     435      10      51      35 19603768
CUR 30/11/2009:	      0       0       0       0       0 0
checksum	  12819   11209     579    1461    1040 475647456

# MONTHLY COUNTERS for the last 12 months
LASTMON: 11/2009
MON 01/2009:	   9166    7318     777    1230     643 313689696
MON 02/2009:	  12815   10485    1693    1264     644 501024672
MON 03/2009:	  12123   10061     898    1406     873 398128288
MON 04/2009:	  11615    9720     910    2365     881 349981280
MON 05/2009:	   9634    8600     388    1803     760 329647072
MON 06/2009:	  16491   14581     984    2086    1093 622120832
MON 07/2009:	  13231   11746     378    1439     975 510746368
MON 08/2009:	  12036   10718     315    1429    1116 443771008
MON 09/2009:	  21299   17791    2081    2946    1379 715588288
MON 10/2009:	  18550   16636     681    2196    1352 706144512
MON 11/2008:	   6217    5369     199     923     515 224911872
MON 12/2008:	   7028    5853     206    1074     609 255918272
checksum	 150205  128878    9510   20161   10840 5371672256

