# WWW History 2.4
# DAILY COUNTERS for summary period 1-30 Apr 2010
DAY 01/04/2010:	    415     362      31      50      31 15889881
DAY 02/04/2010:	    236     200       4      36      31 7193729
DAY 03/04/2010:	    399     312       4      36      28 16171941
DAY 04/04/2010:	    165     127       3      53      37 4165555
DAY 05/04/2010:	    636     592       7      76      43 27437438
DAY 06/04/2010:	    304     264       5      34      27 10129339
DAY 07/04/2010:	    306     248      24      45      41 7355343
DAY 08/04/2010:	    183     144       9      23      26 4379110
DAY 09/04/2010:	    352     318       1      42      29 15385874
DAY 10/04/2010:	    255     227       8      34      25 10104931
DAY 11/04/2010:	    344     304       7      50      32 11926536
DAY 12/04/2010:	    584     530      14      69      34 21071588
DAY 13/04/2010:	    158     126       9      25      29 6038114
DAY 14/04/2010:	    303     266       4      41      37 10550618
DAY 15/04/2010:	    169     142       2      32      22 5036447
DAY 16/04/2010:	    436     398       2      43      32 21009388
DAY 17/04/2010:	    245     222       0      31      28 8895855
DAY 18/04/2010:	    245     222       1      29      31 10869142
DAY 19/04/2010:	    465     431       3      59      43 19307878
DAY 20/04/2010:	    370     331      19      37      24 13747652
DAY 21/04/2010:	    644     594       1      65      38 21929608
DAY 22/04/2010:	    163     115       1      39      33 1938627
DAY 23/04/2010:	    701     618      26      83      40 22486022
DAY 24/04/2010:	    270     218      13      42      20 10215057
DAY 25/04/2010:	    412     382       0      54      29 15805257
DAY 26/04/2010:	    246     224       3      32      24 9299770
DAY 27/04/2010:	    451     368      29      42      38 12163810
DAY 28/04/2010:	    449     409       3      49      32 16260750
DAY 29/04/2010:	    152      95       1      35      44 2116246
CUR 30/04/2010:	      3       2       0       0       1 8872
checksum	  10061    8791     234    1286     929 358892896

# MONTHLY COUNTERS for the last 12 months
LASTMON: 04/2010
MON 01/2010:	  15403   14136     298    3265    2125 530407200
MON 02/2010:	  14790   13309     388    2517    1300 539479616
MON 03/2010:	  14846   13217     553    1561    1124 536357920
MON 04/2009:	  11615    9720     910    2365     881 349981280
MON 05/2009:	   9634    8600     388    1803     760 329647072
MON 06/2009:	  16491   14581     984    2086    1093 622120832
MON 07/2009:	  13231   11746     378    1439     975 510746368
MON 08/2009:	  12036   10718     315    1429    1116 443771008
MON 09/2009:	  21299   17791    2081    2946    1379 715588288
MON 10/2009:	  18550   16636     681    2196    1352 706144512
MON 11/2009:	  13809   12065     671    1550    1081 517595776
MON 12/2009:	  15372   13975     500    2756    1827 564300224
checksum	 177076  156494    8147   25913   15013 6366140352

