# WWW History 2.4
# DAILY COUNTERS for summary period 1-31 Jan 2006
DAY 01/01/2006:	    236     197       0       0      17 2772603
DAY 02/01/2006:	    174     108       0       0      16 974865
DAY 03/01/2006:	   1430    1317       1       0      24 21171716
DAY 04/01/2006:	    223      59      18       0      24 954435
DAY 05/01/2006:	    608     540       0       0      25 6440079
DAY 06/01/2006:	    761     649       1       0      43 6539802
DAY 07/01/2006:	    645     525       0       0      61 5744677
DAY 08/01/2006:	    544     357     107       0      25 3816851
DAY 09/01/2006:	    205     118       0       0      26 1189872
DAY 10/01/2006:	   2076     849    1036       0      51 9437563
DAY 11/01/2006:	   1275    1106      18       0      60 13568859
DAY 12/01/2006:	   1663    1401      18       0      65 18690720
DAY 13/01/2006:	   1338    1100     141       0      29 15529803
DAY 14/01/2006:	    547     337     107       0      27 3069492
DAY 15/01/2006:	   2004     575    1325       0      27 8583565
DAY 16/01/2006:	   1564    1309       0       0      72 21554604
DAY 17/01/2006:	    486     363       0       0      33 4769707
DAY 18/01/2006:	   2528    2343       0       0      47 13897034
DAY 19/01/2006:	   1984    1711      43      20      39 16225816
DAY 20/01/2006:	   1937    1508     176      13      35 14933880
DAY 21/01/2006:	    786     538       0       0      87 6990630
DAY 22/01/2006:	    901     690       7       0      98 11646819
DAY 23/01/2006:	    970     697     113       0      53 9431366
DAY 24/01/2006:	   1332    1101       0       9      46 13785850
DAY 25/01/2006:	    925     769      19       0      34 9848233
DAY 26/01/2006:	   1088     788     161       0      33 10576164
DAY 27/01/2006:	    482     379      32       0      28 2852214
DAY 28/01/2006:	    798     750       5       0      17 11275441
DAY 29/01/2006:	    427     332       0       0      31 5148488
DAY 30/01/2006:	    990     861      18       0     136 10876148
CUR 31/01/2006:	      4       0       0       0       1 897
checksum	  30931   23377    3346      42    1310 282294848

# MONTHLY COUNTERS for the last 12 months
LASTMON: 01/2006
MON 01/2005:	      0       0       0       0       0 0
MON 02/2005:	      0       0       0       0       0 0
MON 03/2005:	      0       0       0       0       0 0
MON 04/2005:	      0       0       0       0       0 0
MON 05/2005:	      0       0       0       0       0 0
MON 06/2005:	      0       0       0       0       0 0
MON 07/2005:	      0       0       0       0       0 0
MON 08/2005:	      0       0       0       0       0 0
MON 09/2005:	      0       0       0       0       0 0
MON 10/2005:	   4220    3295     461     160     117 37733168
MON 11/2005:	  29610   22580    3790       9     771 274639104
MON 12/2005:	  27792   22468    2382       0     929 281729248
checksum	  61622   48343    6633     169    1817 594101536

