# WWW History 2.4
# DAILY COUNTERS for summary period 1-31 Jul 2008
DAY 01/07/2008:	    322     256      51      56      17 10622915
DAY 02/07/2008:	     62      43       5      17      19 503774
DAY 03/07/2008:	    182     161       4      27      23 6083393
DAY 04/07/2008:	    158     131       0      28      14 4694921
DAY 05/07/2008:	    150     137       0      14      13 6743855
DAY 06/07/2008:	    167     151       0      17      16 6575611
DAY 07/07/2008:	    321     305       0      53      24 8244881
DAY 08/07/2008:	    315     257      45      44      22 9639993
DAY 09/07/2008:	    112      92       1      18      19 2602974
DAY 10/07/2008:	    271     231      10      37      27 9218990
DAY 11/07/2008:	    221     206       0      21      19 9426417
DAY 12/07/2008:	    230     196       8      23      18 9164530
DAY 13/07/2008:	    134     114       1      16      10 5132477
DAY 14/07/2008:	    165     147       0      21      21 6712937
DAY 15/07/2008:	    260     251       0      30      18 11075834
DAY 16/07/2008:	    126     111       1      14      12 4544331
DAY 17/07/2008:	    188     167       0      16      14 8069491
DAY 18/07/2008:	    261     235       0      21      19 11006345
DAY 19/07/2008:	     57      40       0       7       8 1011131
DAY 20/07/2008:	    113      87       5      11      15 4132381
DAY 21/07/2008:	    565     517      30      73      22 23189272
DAY 22/07/2008:	     82      70       0      12      13 2112298
DAY 23/07/2008:	    317     302       0      41      18 12122793
DAY 24/07/2008:	    243     225       5      27      13 10385751
DAY 25/07/2008:	    289     256      10      46      51 10713467
DAY 26/07/2008:	     79      66       0      14      13 2466471
DAY 27/07/2008:	    166     150       4      26      25 6274434
DAY 28/07/2008:	    415     354      41      60      23 14007462
DAY 29/07/2008:	    276     244       3      29      25 10643027
DAY 30/07/2008:	   8327    8018     127     611     192 397631488
CUR 31/07/2008:	    113     105       0       9       4 5325928
checksum	  14687   13625     351    1439     747 630083456

# MONTHLY COUNTERS for the last 12 months
LASTMON: 07/2008
MON 01/2008:	  15768   14505     580    1663     844 654937024
MON 02/2008:	   9208    8077     185    1119     675 328470464
MON 03/2008:	   8965    7860     476    1075     810 345367648
MON 04/2008:	   7986    7267     186    1031     793 298905088
MON 05/2008:	   6990    6257     217     895     661 254539328
MON 06/2008:	   6334    5548     181     858     561 226789936
MON 07/2007:	   6155    5212     218     827     741 211462880
MON 08/2007:	   6348    5113     216     771     607 215511520
MON 09/2007:	  10472    9388     485    1155     850 420721792
MON 10/2007:	  11340    9902     685    1259     728 419258272
MON 11/2007:	   8336    7363     402     980     675 297992928
MON 12/2007:	   6757    5896     295     856     594 240363088
checksum	 104659   92388    4126   12489    8539 3914320208

