# WWW History 2.4
# DAILY COUNTERS for summary period 1-28 Feb 2007
DAY 01/02/2007:	    382     353       0      32      18 16375055
DAY 02/02/2007:	    146     100      29      15      14 4590228
DAY 03/02/2007:	    130     106       1      17      17 5923759
DAY 04/02/2007:	     57      32       1       5      10 1682546
DAY 05/02/2007:	    591     497      72      80      20 22776044
DAY 06/02/2007:	    153      95      47      26      14 3163451
DAY 07/02/2007:	    339     307       0      54      16 12474857
DAY 08/02/2007:	    110      55      25      10      14 2517830
DAY 09/02/2007:	    129     103       7      11      14 4844044
DAY 10/02/2007:	    138     128       0      24      10 5553183
DAY 11/02/2007:	    135     110       1      16      12 5222369
DAY 12/02/2007:	    185     149      26      37      19 4500329
DAY 13/02/2007:	    215     193      10      31      13 8710557
DAY 14/02/2007:	    115      86       1      14      17 2915775
DAY 15/02/2007:	    118      99       0      24      17 2560539
DAY 16/02/2007:	    231     186       9      21      17 9063331
DAY 17/02/2007:	     77      50       0      14      14 1482671
DAY 18/02/2007:	    143     124       3      21      12 5679205
DAY 19/02/2007:	     97      63       0      13      11 1794784
DAY 20/02/2007:	    192     158      17      25      17 6628753
DAY 21/02/2007:	    287     263       3      37      20 11991302
DAY 22/02/2007:	    198     177       2      20       8 8260179
DAY 23/02/2007:	    258     232      11      29      36 10551539
DAY 24/02/2007:	     71      21      32       6      17 724783
DAY 25/02/2007:	    268     242       9      43      20 9832384
DAY 26/02/2007:	    206     150      46      22      15 6265139
DAY 27/02/2007:	     39      14       3       9      15 138167
CUR 28/02/2007:	      2       0       1       0       1 204
checksum	   5012    4093     356     656     428 176224016

# MONTHLY COUNTERS for the last 12 months
LASTMON: 02/2007
MON 01/2007:	   9705    8135     789    1132     685 358481632
MON 02/2006:	  25956   20104    2945      22    1147 243916416
MON 03/2006:	  29120   22448    3596       6    1077 290738528
MON 04/2006:	  23818   17793    3363     828    1100 399089664
MON 05/2006:	   7997    6495     454     856     796 316699200
MON 06/2006:	   7317    5344     461     847    1036 242340640
MON 07/2006:	   5269    3823     280     569     809 184780784
MON 08/2006:	   5261    4046     333     579     716 182175392
MON 09/2006:	   8663    6890     419     996     935 307625952
MON 10/2006:	   8573    6984     630     935     851 298969568
MON 11/2006:	   5517    4485     386     686     553 186780592
MON 12/2006:	   4949    3879     169     622     688 162067856
checksum	 142145  110426   13825    8078   10393 3173666448

