# WWW History 2.4
# DAILY COUNTERS for summary period 1-31 Jul 2009
DAY 01/07/2009:	    453     331      96      34      29 14430925
DAY 02/07/2009:	    330     299       2      41      38 8916552
DAY 03/07/2009:	    292     264       3      41      29 11086324
DAY 04/07/2009:	    383     363       1      36      24 19133276
DAY 05/07/2009:	    566     532       0      59      32 21670104
DAY 06/07/2009:	    804     724      32      60      40 34115860
DAY 07/07/2009:	    660     593      37      68      41 27846004
DAY 08/07/2009:	    747     701       2      71      42 32535912
DAY 09/07/2009:	    431     407       2      47      25 19576232
DAY 10/07/2009:	    252     207      12      32      28 8352574
DAY 11/07/2009:	    529     440      71      49      35 22721788
DAY 12/07/2009:	    268     214       4      35      35 9877952
DAY 13/07/2009:	    355     304      27      42      29 10572799
DAY 14/07/2009:	    629     598       1      61      33 29357032
DAY 15/07/2009:	    716     565       9      59      38 23878640
DAY 16/07/2009:	    436     411       0      49      33 19063332
DAY 17/07/2009:	    353     318       3      47      38 12694218
DAY 18/07/2009:	    638     526       3      54      35 25948900
DAY 19/07/2009:	    215     176       2      29      30 5812387
DAY 20/07/2009:	    294     266       1      31      26 10934970
DAY 21/07/2009:	    393     336       6      47      27 13424124
DAY 22/07/2009:	    258     217       4      29      28 9607247
DAY 23/07/2009:	    164     141       5      30      29 3648311
DAY 24/07/2009:	    251     221       6      43      24 9135562
DAY 25/07/2009:	    202     185       2      42      27 6892121
DAY 26/07/2009:	    613     566       5      73      32 26780636
DAY 27/07/2009:	    371     349       6      38      23 12592232
DAY 28/07/2009:	    446     406      22      59      34 15480932
DAY 29/07/2009:	    328     301       9      39      32 11892142
DAY 30/07/2009:	    363     328       3      46      35 13210727
CUR 31/07/2009:	      6       5       0       1       1 314661
checksum	  12746   11294     376    1392     952 491504064

# MONTHLY COUNTERS for the last 12 months
LASTMON: 07/2009
MON 01/2009:	   9166    7318     777    1230     643 313689696
MON 02/2009:	  12815   10485    1693    1264     644 501024672
MON 03/2009:	  12123   10061     898    1406     873 398128288
MON 04/2009:	  11615    9720     910    2365     881 349981280
MON 05/2009:	   9634    8600     388    1803     760 329647072
MON 06/2009:	  16491   14581     984    2086    1093 622120832
MON 07/2008:	  16606   15436     425    1567     790 719388736
MON 08/2008:	   8521    7624     174    1021     632 337928320
MON 09/2008:	  15944    6501     126     911     528 291016320
MON 10/2008:	   5434    4229     134     767     564 169371456
MON 11/2008:	   6217    5369     199     923     515 224911872
MON 12/2008:	   7028    5853     206    1074     609 255918272
checksum	 131594  105777    6914   16417    8532 4513126336

