# WWW History 2.4
# DAILY COUNTERS for summary period 1-31 Jul 2007
DAY 01/07/2007:	     40      26       6       8      12 582189
DAY 02/07/2007:	    322     299       2      35      24 13156555
DAY 03/07/2007:	    122      96       2      14      41 4134839
DAY 04/07/2007:	    137      57       7      11      22 2429905
DAY 05/07/2007:	    175     155       4      21      17 5767439
DAY 06/07/2007:	     71      37       7      12      23 549521
DAY 07/07/2007:	    110      93       3      12      13 4199921
DAY 08/07/2007:	     78      61       1      14      19 1781716
DAY 09/07/2007:	    300     278       1      34      19 12471760
DAY 10/07/2007:	    490     449       2      74      31 17550042
DAY 11/07/2007:	    169     148       0      17      15 5975693
DAY 12/07/2007:	    237     202       8      34      54 8334558
DAY 13/07/2007:	    544     465      33      93      39 19019560
DAY 14/07/2007:	    172     145       3      19      25 5952063
DAY 15/07/2007:	    179     152       3      27      27 5477390
DAY 16/07/2007:	    131     106      14      14      18 4244029
DAY 17/07/2007:	     50      37       2      12      13 573619
DAY 18/07/2007:	    278     257       1      28      29 13025337
DAY 19/07/2007:	    232     214       1      30      22 7270769
DAY 20/07/2007:	     82      69       5      15      15 1983529
DAY 21/07/2007:	    115      94       9      17      42 3528336
DAY 22/07/2007:	     70      52       1      10      21 1912270
DAY 23/07/2007:	    133     101       2      28      23 3241004
DAY 24/07/2007:	    360     333       6      55      36 14361974
DAY 25/07/2007:	    227     179      19      28      30 7219056
DAY 26/07/2007:	     63      46       2      11      15 1129613
DAY 27/07/2007:	    192     167       1      23      20 7510105
DAY 28/07/2007:	    139     118       2      16      14 5482985
DAY 29/07/2007:	    268     236       8      32      21 10227976
DAY 30/07/2007:	    434     350      57      55      25 14738741
CUR 31/07/2007:	      3       0       0       0       0 628
checksum	   5923    5022     212     799     725 203836048

# MONTHLY COUNTERS for the last 12 months
LASTMON: 07/2007
MON 01/2007:	   9705    8135     789    1132     685 358481632
MON 02/2007:	   5252    4283     365     682     455 184423680
MON 03/2007:	   5027    3942     226     629     606 162808848
MON 04/2007:	   6918    5948     246     885     634 251151584
MON 05/2007:	  10017    8959     381    1225     697 394098144
MON 06/2007:	   6356    5545     213     860     708 236012752
MON 07/2006:	   5269    3823     280     569     809 184780784
MON 08/2006:	   5261    4046     333     579     716 182175392
MON 09/2006:	   8663    6890     419     996     935 307625952
MON 10/2006:	   8573    6984     630     935     851 298969568
MON 11/2006:	   5517    4485     386     686     553 186780592
MON 12/2006:	   4949    3879     169     622     688 162067856
checksum	  81507   66919    4437    9800    8337 2909376912

