# WWW History 2.4
# DAILY COUNTERS for summary period 1-30 Jun 2007
DAY 01/06/2007:	     46      41       1       8      12 726642
DAY 02/06/2007:	    154     139       6      16      12 6638558
DAY 03/06/2007:	    244     209       0      52      17 9384723
DAY 04/06/2007:	    297     268       2      28      24 12165565
DAY 05/06/2007:	    285     244      10      41      52 9194755
DAY 06/06/2007:	    248     200      18      29      24 9440529
DAY 07/06/2007:	    102      30       5      11      13 457179
DAY 08/06/2007:	     51      40       5       7       8 1258755
DAY 09/06/2007:	    146     130       2      21      19 5258255
DAY 10/06/2007:	    419     395       0      69      59 18137448
DAY 11/06/2007:	    433     408       6      64      17 17370992
DAY 12/06/2007:	    117     103       1      20      15 3526469
DAY 13/06/2007:	    188     159      16      24      48 6716264
DAY 14/06/2007:	    206     192       1      19      18 9346354
DAY 15/06/2007:	    213     194       2      27      22 8278064
DAY 16/06/2007:	    205     125      68      22      14 5784054
DAY 17/06/2007:	     26      21       0      12      11 149942
DAY 18/06/2007:	    203     154      37      31      20 4654995
DAY 19/06/2007:	    421     392       3      48      27 17212372
DAY 20/06/2007:	    359     339       1      52      23 14356552
DAY 21/06/2007:	    162     141       5      13      25 5297747
DAY 22/06/2007:	    122     111       1      14      29 4008979
DAY 23/06/2007:	    187     173       2      25      26 6924979
DAY 24/06/2007:	     72      46       3      11      22 1105817
DAY 25/06/2007:	    257     236       0      37      28 9518078
DAY 26/06/2007:	    270     230      13      32      23 11727492
DAY 27/06/2007:	    203     175       1      19      26 8530118
DAY 28/06/2007:	    339     306       0      46      15 14552400
DAY 29/06/2007:	    263     250       2      45      29 11113232
CUR 30/06/2007:	      2       1       0       1       2 204
checksum	   6240    5452     211     844     680 232840944

# MONTHLY COUNTERS for the last 12 months
LASTMON: 06/2007
MON 01/2007:	   9705    8135     789    1132     685 358481632
MON 02/2007:	   5252    4283     365     682     455 184423680
MON 03/2007:	   5027    3942     226     629     606 162808848
MON 04/2007:	   6918    5948     246     885     634 251151584
MON 05/2007:	  10017    8959     381    1225     697 394098144
MON 06/2006:	   7317    5344     461     847    1036 242340640
MON 07/2006:	   5269    3823     280     569     809 184780784
MON 08/2006:	   5261    4046     333     579     716 182175392
MON 09/2006:	   8663    6890     419     996     935 307625952
MON 10/2006:	   8573    6984     630     935     851 298969568
MON 11/2006:	   5517    4485     386     686     553 186780592
MON 12/2006:	   4949    3879     169     622     688 162067856
checksum	  82468   66718    4685    9787    8665 2915704720

