# WWW History 2.4
# DAILY COUNTERS for summary period 1-28 Feb 2009
DAY 01/02/2009:	    336     307       1      37      20 12475382
DAY 02/02/2009:	    490     416      38      53      29 50338396
DAY 03/02/2009:	   2010    1018     929     136      26 63350952
DAY 04/02/2009:	    492     450      19      68      19 12972098
DAY 05/02/2009:	    478     458       3      53      17 23569590
DAY 06/02/2009:	   1286    1180      48      91      68 48877684
DAY 07/02/2009:	    231     206       1      25      15 9018065
DAY 08/02/2009:	    528     410     105      41      13 21661688
DAY 09/02/2009:	    462     391      52      44      25 14597677
DAY 10/02/2009:	    622     550      57      47      20 25847844
DAY 11/02/2009:	    120      89      15      16      16 2740704
DAY 12/02/2009:	    382     345      17      49      34 13756890
DAY 13/02/2009:	    942     891      21      82      61 43172028
DAY 14/02/2009:	    198     180       8      23      14 6550494
DAY 15/02/2009:	    335     302       8      35      20 12970937
DAY 16/02/2009:	    207     164      25      25      18 5844075
DAY 17/02/2009:	    469     382      72      47      17 16603880
DAY 18/02/2009:	    361     301      26      55      22 12302337
DAY 19/02/2009:	    320     296       9      48      20 11011083
DAY 20/02/2009:	    323     300       5      47      21 11527804
DAY 21/02/2009:	    206     187       3      30      21 8110332
DAY 22/02/2009:	    187     135      39      12       9 6935818
DAY 23/02/2009:	    128     100       2      18      18 1021398
DAY 24/02/2009:	    317     183     111      32      18 7936878
DAY 25/02/2009:	    384     355       8      41      30 19130700
DAY 26/02/2009:	    515     440      57      48      19 19461076
DAY 27/02/2009:	    234     218       2      24      18 8099402
CUR 28/02/2009:	      2       2       0       1       0 1080
checksum	  12565   10256    1681    1228     628 489884832

# MONTHLY COUNTERS for the last 12 months
LASTMON: 02/2009
MON 01/2009:	   9166    7318     777    1230     643 313689696
MON 02/2008:	   9208    8077     185    1119     675 328470464
MON 03/2008:	   8965    7860     476    1075     810 345367648
MON 04/2008:	   7986    7267     186    1031     793 298905088
MON 05/2008:	   6990    6257     217     895     661 254539328
MON 06/2008:	   6334    5548     181     858     561 226789936
MON 07/2008:	  16606   15436     425    1567     790 719388736
MON 08/2008:	   8521    7624     174    1021     632 337928320
MON 09/2008:	  15944    6501     126     911     528 291016320
MON 10/2008:	   5434    4229     134     767     564 169371456
MON 11/2008:	   6217    5369     199     923     515 224911872
MON 12/2008:	   7028    5853     206    1074     609 255918272
checksum	 108399   87339    3286   12471    7781 3766297024

