# WWW History 2.4
# DAILY COUNTERS for summary period 1-30 Jun 2009
DAY 01/06/2009:	    259     203      29      63      31 4794459
DAY 02/06/2009:	    533     431      81      73      37 19828728
DAY 03/06/2009:	    476     446      12      87      28 15103446
DAY 04/06/2009:	    372     345       1      66      29 12846126
DAY 05/06/2009:	    642     574      54      85      61 26652468
DAY 06/06/2009:	    390     345      12      65      37 13527594
DAY 07/06/2009:	    247     220       4      49      25 6910977
DAY 08/06/2009:	    263     240       1      61      29 8516099
DAY 09/06/2009:	   1277    1176      66     116      47 49613368
DAY 10/06/2009:	    944     824      91     112      48 40535064
DAY 11/06/2009:	    797     701      62      84      39 34701916
DAY 12/06/2009:	    697     581      88      75      31 26881308
DAY 13/06/2009:	    320     296       5      56      27 12690570
DAY 14/06/2009:	    464     425      18      69      33 18513254
DAY 15/06/2009:	    970     776     158      87      39 34135808
DAY 16/06/2009:	    540     438      62      84      43 17324948
DAY 17/06/2009:	    333     259      40      67      26 7340041
DAY 18/06/2009:	    277     246       4      62      41 8033857
DAY 19/06/2009:	    733     703       5     129      65 25294144
DAY 20/06/2009:	    490     467       2      61      28 23608620
DAY 21/06/2009:	    530     489       8      72      30 22297176
DAY 22/06/2009:	    485     449      11      63      32 18214728
DAY 23/06/2009:	    959     862      62      70      39 39741376
DAY 24/06/2009:	    711     666       4      44      31 32718052
DAY 25/06/2009:	    386     318      33      43      52 14634446
DAY 26/06/2009:	    214     168       7      29      29 5864747
DAY 27/06/2009:	    241     195      14      23      29 10267155
DAY 28/06/2009:	    541     490       3      46      37 20874112
DAY 29/06/2009:	    405     337      28      52      31 10311686
CUR 30/06/2009:	     86      79       0       3       4 4917527
checksum	  15582   13749     965    1996    1058 586697088

# MONTHLY COUNTERS for the last 12 months
LASTMON: 06/2009
MON 01/2009:	   9166    7318     777    1230     643 313689696
MON 02/2009:	  12815   10485    1693    1264     644 501024672
MON 03/2009:	  12123   10061     898    1406     873 398128288
MON 04/2009:	  11615    9720     910    2365     881 349981280
MON 05/2009:	   9634    8600     388    1803     760 329647072
MON 06/2008:	   6334    5548     181     858     561 226789936
MON 07/2008:	  16606   15436     425    1567     790 719388736
MON 08/2008:	   8521    7624     174    1021     632 337928320
MON 09/2008:	  15944    6501     126     911     528 291016320
MON 10/2008:	   5434    4229     134     767     564 169371456
MON 11/2008:	   6217    5369     199     923     515 224911872
MON 12/2008:	   7028    5853     206    1074     609 255918272
checksum	 121437   96744    6111   15189    8000 4117795776

