# WWW History 2.4
# DAILY COUNTERS for summary period 1-31 Jan 2009
DAY 01/01/2009:	    242     224       0      51      22 9024207
DAY 02/01/2009:	     82      70       1      22      19 1782429
DAY 03/01/2009:	     54      41       0      13      12 912173
DAY 04/01/2009:	    130     114       1      28      22 4499434
DAY 05/01/2009:	    263     241       5      53      20 10037796
DAY 06/01/2009:	    409     379       4      63      25 16728221
DAY 07/01/2009:	    332     265      12      45      29 10528406
DAY 08/01/2009:	    499     228      53      45      44 10492957
DAY 09/01/2009:	    580     491      23      69      36 23948492
DAY 10/01/2009:	    198     149       0      22      22 7439321
DAY 11/01/2009:	    355     278       0      40      19 13034759
DAY 12/01/2009:	    453     375      47      61      21 18302164
DAY 13/01/2009:	    540     464      28      72      21 22703760
DAY 14/01/2009:	    131     100       0      30      16 4467264
DAY 15/01/2009:	    183     156       1      43      17 6112828
DAY 16/01/2009:	    465     438      10      50      19 21643936
DAY 17/01/2009:	     30      22       1       7      12 199245
DAY 18/01/2009:	     60      46       4      20      14 1531434
DAY 19/01/2009:	     65      52       0      25      18 1152814
DAY 20/01/2009:	    362     272      63      31      22 10025540
DAY 21/01/2009:	    251     230       0      38      18 8322288
DAY 22/01/2009:	    511     402      91      60      25 14101190
DAY 23/01/2009:	    422     325      49      52      23 15767734
DAY 24/01/2009:	    388     367       0      30      20 19838064
DAY 25/01/2009:	     57      34       5      14      15 441862
DAY 26/01/2009:	    396     366       2      44      21 16257967
DAY 27/01/2009:	    191     158       1      29      21 6883129
DAY 28/01/2009:	    219     188       0      38      15 6400206
DAY 29/01/2009:	    519     140     356      47      14 3025085
DAY 30/01/2009:	    289     238      20      35      23 10475472
CUR 31/01/2009:	      0       0       0       0       0 0
checksum	   8676    6853     777    1177     625 296081568

# MONTHLY COUNTERS for the last 12 months
LASTMON: 01/2009
MON 01/2008:	  15768   14505     580    1663     844 654937024
MON 02/2008:	   9208    8077     185    1119     675 328470464
MON 03/2008:	   8965    7860     476    1075     810 345367648
MON 04/2008:	   7986    7267     186    1031     793 298905088
MON 05/2008:	   6990    6257     217     895     661 254539328
MON 06/2008:	   6334    5548     181     858     561 226789936
MON 07/2008:	  16606   15436     425    1567     790 719388736
MON 08/2008:	   8521    7624     174    1021     632 337928320
MON 09/2008:	  15944    6501     126     911     528 291016320
MON 10/2008:	   5434    4229     134     767     564 169371456
MON 11/2008:	   6217    5369     199     923     515 224911872
MON 12/2008:	   7028    5853     206    1074     609 255918272
checksum	 115001   94526    3089   12904    7982 4107544000

