# WWW History 2.4
# DAILY COUNTERS for summary period 1-31 Mar 2009
DAY 01/03/2009:	    359     297      26      34      22 8625354
DAY 02/03/2009:	    156     143       2      36      21 3736681
DAY 03/03/2009:	    362     264      52      56      30 8191679
DAY 04/03/2009:	    269     219       6      31      25 5342818
DAY 05/03/2009:	    680     578      39      52      29 28745930
DAY 06/03/2009:	    191     160       6      29      18 6008216
DAY 07/03/2009:	    273     247       4      32      14 11885159
DAY 08/03/2009:	    303     233      52      31      16 8684173
DAY 09/03/2009:	    651     585      24      61      30 27291628
DAY 10/03/2009:	    404     358      18      35      22 14640274
DAY 11/03/2009:	    536     426      68      73      21 17081808
DAY 12/03/2009:	    503     367      90      39      30 15830683
DAY 13/03/2009:	    412     387       2      42      18 17536492
DAY 14/03/2009:	    286     248       1      30      15 10237609
DAY 15/03/2009:	    189     132      18      21      21 5907428
DAY 16/03/2009:	    327     293       3      38      52 11910573
DAY 17/03/2009:	    231     196       9      23      17 7456512
DAY 18/03/2009:	    680     616      19      57      35 22689092
DAY 19/03/2009:	    267     222      30      31      27 8315528
DAY 20/03/2009:	    369     308      30      33      26 10496166
DAY 21/03/2009:	    550     352     157      43      24 19441496
DAY 22/03/2009:	    194     128      45      25      25 6014603
DAY 23/03/2009:	    445     307     101      43      25 10160715
DAY 24/03/2009:	    153     120       2      22      22 2657748
DAY 25/03/2009:	    423     356      19      58      28 12159694
DAY 26/03/2009:	    681     633      15      72      23 26332104
DAY 27/03/2009:	    279     224       8      39      28 6930934
DAY 28/03/2009:	    396     342      16      47      19 16754508
DAY 29/03/2009:	    416     340      10      60     122 12961219
DAY 30/03/2009:	    690     597      21     129      36 21376160
CUR 31/03/2009:	     19       7       2       6       3 7005
checksum	  11694    9685     895    1328     844 385412160

# MONTHLY COUNTERS for the last 12 months
LASTMON: 03/2009
MON 01/2009:	   9166    7318     777    1230     643 313689696
MON 02/2009:	  12815   10485    1693    1264     644 501024672
MON 03/2008:	   8965    7860     476    1075     810 345367648
MON 04/2008:	   7986    7267     186    1031     793 298905088
MON 05/2008:	   6990    6257     217     895     661 254539328
MON 06/2008:	   6334    5548     181     858     561 226789936
MON 07/2008:	  16606   15436     425    1567     790 719388736
MON 08/2008:	   8521    7624     174    1021     632 337928320
MON 09/2008:	  15944    6501     126     911     528 291016320
MON 10/2008:	   5434    4229     134     767     564 169371456
MON 11/2008:	   6217    5369     199     923     515 224911872
MON 12/2008:	   7028    5853     206    1074     609 255918272
checksum	 112006   89747    4794   12616    7750 3938851264

