# WWW History 2.4
# DAILY COUNTERS for summary period 1-30 Apr 2007
DAY 01/04/2007:	     59      51       0       7      10 2166011
DAY 02/04/2007:	    130     102      11      18      17 4723317
DAY 03/04/2007:	    167     144       2      19      16 6567357
DAY 04/04/2007:	    193     172       9      23      14 7943546
DAY 05/04/2007:	    175     132       4      25      50 4922804
DAY 06/04/2007:	    525     507       1      53      17 23816432
DAY 07/04/2007:	    274     252       1      33      10 11235254
DAY 08/04/2007:	    144     128       1      22      11 5198695
DAY 09/04/2007:	    248     221       0      33      23 9426497
DAY 10/04/2007:	    191     181       0      24      10 7962650
DAY 11/04/2007:	    276     227      31      43      25 7903314
DAY 12/04/2007:	    377     346       0      49      55 15002443
DAY 13/04/2007:	    182     162       6      12      17 8318200
DAY 14/04/2007:	     91      62       1      17      24 1281824
DAY 15/04/2007:	    335     323       1      20      15 16219958
DAY 16/04/2007:	    241     195       0      50      28 7149717
DAY 17/04/2007:	    486     440      11      65      22 19363088
DAY 18/04/2007:	    297     273       0      44      23 11037519
DAY 19/04/2007:	    156     138       5      25      23 4848599
DAY 20/04/2007:	    118     104       0      13      24 3466308
DAY 21/04/2007:	    397     326      50      43      27 15506655
DAY 22/04/2007:	    139     118       9      22      19 4283120
DAY 23/04/2007:	    333     303      15      41      17 12385794
DAY 24/04/2007:	    259     150       1      27      25 5954290
DAY 25/04/2007:	    283     177      66      36      14 7043636
DAY 26/04/2007:	    237     218       2      32      19 8840196
DAY 27/04/2007:	    100      64       3      13      22 1294963
DAY 28/04/2007:	    101      68      14      19      18 2117417
DAY 29/04/2007:	     70      60       0      10      14 2585450
CUR 30/04/2007:	      0       0       0       0       0 0
checksum	   6584    5644     244     838     609 238568656

# MONTHLY COUNTERS for the last 12 months
LASTMON: 04/2007
MON 01/2007:	   9705    8135     789    1132     685 358481632
MON 02/2007:	   5252    4283     365     682     455 184423680
MON 03/2007:	   5027    3942     226     629     606 162808848
MON 04/2006:	  23818   17793    3363     828    1100 399089664
MON 05/2006:	   7997    6495     454     856     796 316699200
MON 06/2006:	   7317    5344     461     847    1036 242340640
MON 07/2006:	   5269    3823     280     569     809 184780784
MON 08/2006:	   5261    4046     333     579     716 182175392
MON 09/2006:	   8663    6890     419     996     935 307625952
MON 10/2006:	   8573    6984     630     935     851 298969568
MON 11/2006:	   5517    4485     386     686     553 186780592
MON 12/2006:	   4949    3879     169     622     688 162067856
checksum	  97348   76099    7875    9361    9230 2986243728

