# WWW History 2.4
# DAILY COUNTERS for summary period 1-31 Aug 2009
DAY 01/08/2009:	    321     272       5      31      25 14562063
DAY 02/08/2009:	    543     466      43      62      37 19506684
DAY 03/08/2009:	    490     469       1      53      22 22230236
DAY 04/08/2009:	    565     521       4      67      39 21387184
DAY 05/08/2009:	    491     461       9      60      65 18265368
DAY 06/08/2009:	    154     109       3      34      35 1119324
DAY 07/08/2009:	    451     420       3      54      27 14849458
DAY 08/08/2009:	    319     300       5      30      54 13393901
DAY 09/08/2009:	    158     135      10      24      23 4894540
DAY 10/08/2009:	    287     261       0      34      23 8514137
DAY 11/08/2009:	    608     555       7      78      41 24371908
DAY 12/08/2009:	    767     714      16      80      31 30532040
DAY 13/08/2009:	    485     461       0      52      30 20159956
DAY 14/08/2009:	    378     343       0      43      31 16603892
DAY 15/08/2009:	    184     144       1      31      50 5161446
DAY 16/08/2009:	    115      96       0      24      27 3817580
DAY 17/08/2009:	    732     663      35      62      84 33222724
DAY 18/08/2009:	    892     823      34      80      85 35826880
DAY 19/08/2009:	    497     434       7      62      40 17427564
DAY 20/08/2009:	    460     406      29      39      26 19386332
DAY 21/08/2009:	    417     346       0      51      39 15517563
DAY 22/08/2009:	    145     112       6      16      15 4227720
DAY 23/08/2009:	    143     122       1      21      23 5189437
DAY 24/08/2009:	    498     451       1      61      40 17146896
DAY 25/08/2009:	    256     224       1      38      38 8549043
DAY 26/08/2009:	    258     197      34      34      22 7761127
DAY 27/08/2009:	    329     289      12      43      36 9007922
DAY 28/08/2009:	    317     276      10      39      27 9363973
DAY 29/08/2009:	    320     269      27      60      28 9938248
DAY 30/08/2009:	    122      82       7      25      24 2420837
CUR 31/08/2009:	      4       4       0       2       1 25669
checksum	  11706   10425     311    1390    1088 434381760

# MONTHLY COUNTERS for the last 12 months
LASTMON: 08/2009
MON 01/2009:	   9166    7318     777    1230     643 313689696
MON 02/2009:	  12815   10485    1693    1264     644 501024672
MON 03/2009:	  12123   10061     898    1406     873 398128288
MON 04/2009:	  11615    9720     910    2365     881 349981280
MON 05/2009:	   9634    8600     388    1803     760 329647072
MON 06/2009:	  16491   14581     984    2086    1093 622120832
MON 07/2009:	  13231   11746     378    1439     975 510746368
MON 08/2008:	   8521    7624     174    1021     632 337928320
MON 09/2008:	  15944    6501     126     911     528 291016320
MON 10/2008:	   5434    4229     134     767     564 169371456
MON 11/2008:	   6217    5369     199     923     515 224911872
MON 12/2008:	   7028    5853     206    1074     609 255918272
checksum	 128219  102087    6867   16289    8717 4304484288

