# WWW History 2.4
# DAILY COUNTERS for summary period 1-28 Feb 2006
DAY 01/02/2006:	    393     301      18       0      20 3916945
DAY 02/02/2006:	    572     419      71       0      30 4299256
DAY 03/02/2006:	    337     268      52       0      44 2746186
DAY 04/02/2006:	   1036     883      93       0      34 11692450
DAY 05/02/2006:	    787     680       4       0      71 7712120
DAY 06/02/2006:	    479     462       0       0      16 6534309
DAY 07/02/2006:	   1061    1027       0       0      16 12503523
DAY 08/02/2006:	   1235    1055     118       0      17 14811823
DAY 09/02/2006:	   1338     814     375       0      19 10968815
DAY 10/02/2006:	    469     399       0       0      17 4201633
DAY 11/02/2006:	    977     942       0       0      18 7054088
DAY 12/02/2006:	    488     421       0       0      79 4525810
DAY 13/02/2006:	    255     181       0       0      62 1269237
DAY 14/02/2006:	   1034     882       0       0      72 9764420
DAY 15/02/2006:	    264     145      18       0      32 1569329
DAY 16/02/2006:	    452     303       1       0      58 3070883
DAY 17/02/2006:	   1114     931       2       0      58 12352310
DAY 18/02/2006:	   2341    1002    1171       6      49 14737263
DAY 19/02/2006:	    455     293       0       3      55 3113531
DAY 20/02/2006:	   1337    1154       0       0      59 13434896
DAY 21/02/2006:	   1471    1283       0       0      27 17354780
DAY 22/02/2006:	   1334     552     630       0      60 6650422
DAY 23/02/2006:	    475     405       0       0      27 5383188
DAY 24/02/2006:	   2858    2590     157      13      48 27187960
DAY 25/02/2006:	    352     295       0       0      29 2888432
DAY 26/02/2006:	   1082     933       0       0      19 13596339
DAY 27/02/2006:	   1017     713     216       0      71 9961787
CUR 28/02/2006:	    355     306       0       0       1 4283944
checksum	  25368   19639    2926      22    1108 237587312

# MONTHLY COUNTERS for the last 12 months
LASTMON: 02/2006
MON 01/2006:	  31816   24144    3351      42    1376 293460608
MON 02/2005:	      0       0       0       0       0 0
MON 03/2005:	      0       0       0       0       0 0
MON 04/2005:	      0       0       0       0       0 0
MON 05/2005:	      0       0       0       0       0 0
MON 06/2005:	      0       0       0       0       0 0
MON 07/2005:	      0       0       0       0       0 0
MON 08/2005:	      0       0       0       0       0 0
MON 09/2005:	      0       0       0       0       0 0
MON 10/2005:	   4220    3295     461     160     117 37733168
MON 11/2005:	  29610   22580    3790       9     771 274639104
MON 12/2005:	  27792   22468    2382       0     929 281729248
checksum	  93438   72487    9984     211    3193 887562144

