# WWW History 2.4
# DAILY COUNTERS for summary period 1-31 Aug 2007
DAY 01/08/2007:	    269     248       6      42      23 9796963
DAY 02/08/2007:	    152     137       1      27      13 6142254
DAY 03/08/2007:	    156     133       4      29      21 4745529
DAY 04/08/2007:	    228     197      15      33      16 8555754
DAY 05/08/2007:	    154     142       0      24      47 5783026
DAY 06/08/2007:	    139     124       2      25      16 4970311
DAY 07/08/2007:	    211     203       0      30      17 7366676
DAY 08/08/2007:	    370     336       2      27      23 16773797
DAY 09/08/2007:	     61      47       2       9      12 1310087
DAY 10/08/2007:	     91      37      41      13      15 726362
DAY 11/08/2007:	    140     118       5      16      15 5406017
DAY 12/08/2007:	    233     213       3      22      19 11558523
DAY 13/08/2007:	    254     178       2      32      23 7231688
DAY 14/08/2007:	    157     118      12      20      25 4054133
DAY 15/08/2007:	    277     256       2      41      23 10480130
DAY 16/08/2007:	    240     178      39      26      25 6935272
DAY 17/08/2007:	    136     109       8      20      38 3705953
DAY 18/08/2007:	    230     204       1      31      17 9296657
DAY 19/08/2007:	    227     194       5      25      19 8639419
DAY 20/08/2007:	    253     219      13      27      23 9972577
DAY 21/08/2007:	    148     134       0      21       9 6167504
DAY 22/08/2007:	    210     187       1      21      21 8629109
DAY 23/08/2007:	    127     105      10      11      10 4662127
DAY 24/08/2007:	     60      46       4      11      15 1183347
DAY 25/08/2007:	    521      86       0      15       8 3881813
DAY 26/08/2007:	    153     124      11      17      18 5054904
DAY 27/08/2007:	    408     389       1      55      24 17185112
DAY 28/08/2007:	    190     160      22      25      11 5902459
DAY 29/08/2007:	    186     151       0      25      19 5780630
DAY 30/08/2007:	    168     158       0      27      18 5825485
CUR 31/08/2007:	      3       2       0       2       3 1097
checksum	   6152    4933     212     749     586 207726768

# MONTHLY COUNTERS for the last 12 months
LASTMON: 08/2007
MON 01/2007:	   9705    8135     789    1132     685 358481632
MON 02/2007:	   5252    4283     365     682     455 184423680
MON 03/2007:	   5027    3942     226     629     606 162808848
MON 04/2007:	   6918    5948     246     885     634 251151584
MON 05/2007:	  10017    8959     381    1225     697 394098144
MON 06/2007:	   6356    5545     213     860     708 236012752
MON 07/2007:	   6155    5212     218     827     741 211462880
MON 08/2006:	   5261    4046     333     579     716 182175392
MON 09/2006:	   8663    6890     419     996     935 307625952
MON 10/2006:	   8573    6984     630     935     851 298969568
MON 11/2006:	   5517    4485     386     686     553 186780592
MON 12/2006:	   4949    3879     169     622     688 162067856
checksum	  82393   68308    4375   10058    8269 2936059024

