# WWW History 2.4
# DAILY COUNTERS for summary period 1-31 Jan 2007
DAY 01/01/2007:	     34      21       1       3       9 829753
DAY 02/01/2007:	    211     204       0      18      10 10332674
DAY 03/01/2007:	    141     129       1      19      14 5155150
DAY 04/01/2007:	    282     269       2      33      19 12256593
DAY 05/01/2007:	    619     566      26      55      62 26267964
DAY 06/01/2007:	    508     435      54      47      15 20297784
DAY 07/01/2007:	     47      35       0       7      16 1354906
DAY 08/01/2007:	    772     678      56      84      34 31267840
DAY 09/01/2007:	    187     145      16      14      22 6554559
DAY 10/01/2007:	    256     229       1      36      21 9180724
DAY 11/01/2007:	    267     229       1      32      21 10073761
DAY 12/01/2007:	    141     112       5      20      18 4786230
DAY 13/01/2007:	    219     182      19      27      24 6947858
DAY 14/01/2007:	    395     260      97      32      25 11893092
DAY 15/01/2007:	    480     397      59      54      26 17580392
DAY 16/01/2007:	    295     230      10      37      23 9819818
DAY 17/01/2007:	    320     248      29      35      23 11023481
DAY 18/01/2007:	    631     583      23      81      36 24882256
DAY 19/01/2007:	    198     131      51      18      12 5369696
DAY 20/01/2007:	    169     104       9      24      24 2980963
DAY 21/01/2007:	    367     333       0      41      21 16610000
DAY 22/01/2007:	    316     283      18      47      22 11722946
DAY 23/01/2007:	    200     163       1      30      29 5348823
DAY 24/01/2007:	    486     365      85      71      27 14892336
DAY 25/01/2007:	    528     439      66      58      18 21829500
DAY 26/01/2007:	    311     249      34      43      20 10742564
DAY 27/01/2007:	    101      76       6       9      19 3537745
DAY 28/01/2007:	    256     187      56      26      13 8844528
DAY 29/01/2007:	    472     407      38      60      26 17157388
DAY 30/01/2007:	    273     256      10      39      10 11478424
CUR 31/01/2007:	      5       1       1       0       4 1063
checksum	   9487    7946     775    1100     663 351025472

# MONTHLY COUNTERS for the last 12 months
LASTMON: 01/2007
MON 01/2006:	  31816   24144    3351      42    1376 293460608
MON 02/2006:	  25956   20104    2945      22    1147 243916416
MON 03/2006:	  29120   22448    3596       6    1077 290738528
MON 04/2006:	  23818   17793    3363     828    1100 399089664
MON 05/2006:	   7997    6495     454     856     796 316699200
MON 06/2006:	   7317    5344     461     847    1036 242340640
MON 07/2006:	   5269    3823     280     569     809 184780784
MON 08/2006:	   5261    4046     333     579     716 182175392
MON 09/2006:	   8663    6890     419     996     935 307625952
MON 10/2006:	   8573    6984     630     935     851 298969568
MON 11/2006:	   5517    4485     386     686     553 186780592
MON 12/2006:	   4949    3879     169     622     688 162067856
checksum	 164256  126435   16387    6988   11084 3108645520

