# WWW History 2.4
# DAILY COUNTERS for summary period 1-31 Mar 2006
DAY 01/03/2006:	    478     430       2       0      21 4489362
DAY 02/03/2006:	    783     705       0       6      54 9962562
DAY 03/03/2006:	   1005     901       0       0      46 13884385
DAY 04/03/2006:	   1397    1017     299       0      49 13454980
DAY 05/03/2006:	    784     642      77       0      32 8067391
DAY 06/03/2006:	   1252    1151      19       0      31 14743679
DAY 07/03/2006:	   1137     954      38       0      22 12357995
DAY 08/03/2006:	    765     708       1       0      24 7914585
DAY 09/03/2006:	    144     100       5       0      18 817732
DAY 10/03/2006:	    700     602      23       0      31 8765667
DAY 11/03/2006:	    587     546       0       0      20 6877852
DAY 12/03/2006:	    527     446       2       0      16 8185214
DAY 13/03/2006:	    654     496      49       0      33 5625822
DAY 14/03/2006:	   1450     804     487       0      32 6721579
DAY 15/03/2006:	   1560    1167     120       0      38 15710289
DAY 16/03/2006:	    562     440       0       0      67 4014044
DAY 17/03/2006:	   2952    1644    1216       0      25 23896066
DAY 18/03/2006:	     71      27       1       0      20 320227
DAY 19/03/2006:	    373     290       3       0      34 4664247
DAY 20/03/2006:	    465     406       0       0      26 4500742
DAY 21/03/2006:	    661     535      48       0      74 4841917
DAY 22/03/2006:	   2451    2304       0       0      36 33142368
DAY 23/03/2006:	   1510    1325      69       0      28 19846210
DAY 24/03/2006:	   1083     814     173       0      81 8081592
DAY 25/03/2006:	    279     162       4       0      35 1558276
DAY 26/03/2006:	    776     711       0       0      26 11033126
DAY 27/03/2006:	    918     721       3       0      23 9185135
DAY 28/03/2006:	   1536     736     700       0      52 8550453
DAY 29/03/2006:	   1226     899     182       0      27 11870790
DAY 30/03/2006:	    890     675      70       0      32 7082862
CUR 31/03/2006:	      4       1       0       0       2 12133
checksum	  28980   22359    3591       6    1055 290178976

# MONTHLY COUNTERS for the last 12 months
LASTMON: 03/2006
MON 01/2006:	  31816   24144    3351      42    1376 293460608
MON 02/2006:	  25956   20104    2945      22    1147 243916416
MON 03/2005:	      0       0       0       0       0 0
MON 04/2005:	      0       0       0       0       0 0
MON 05/2005:	      0       0       0       0       0 0
MON 06/2005:	      0       0       0       0       0 0
MON 07/2005:	      0       0       0       0       0 0
MON 08/2005:	      0       0       0       0       0 0
MON 09/2005:	      0       0       0       0       0 0
MON 10/2005:	   4220    3295     461     160     117 37733168
MON 11/2005:	  29610   22580    3790       9     771 274639104
MON 12/2005:	  27792   22468    2382       0     929 281729248
checksum	 119394   92591   12929     233    4340 1131478560

