# WWW History 2.4
# DAILY COUNTERS for summary period 1-31 May 2010
DAY 01/05/2010:	    165     140      11      28      18 5246390
DAY 02/05/2010:	    317     208       3      14      22 7746822
DAY 03/05/2010:	    696     641      17      66      34 25817336
DAY 04/05/2010:	    224     187       2      42      26 2730046
DAY 05/05/2010:	    338     289       3      47      36 8662213
DAY 06/05/2010:	    422     291       1      38      26 11194587
DAY 07/05/2010:	    663     630       1      70      33 30549488
DAY 08/05/2010:	    194     151       2      27      28 3910208
DAY 09/05/2010:	    301     266       1      41      30 13042223
DAY 10/05/2010:	    211     161      12      29      24 5402733
DAY 11/05/2010:	    315     276       1      32      28 10167340
DAY 12/05/2010:	    568     538       1      67      45 23970368
DAY 13/05/2010:	    476     433       4      51      35 15766627
DAY 14/05/2010:	    161     132       2      31      27 2091806
DAY 15/05/2010:	    347     321       2      43      57 16370504
DAY 16/05/2010:	    228     191       7      27      28 7491104
DAY 17/05/2010:	    499     432      40      55      36 14414535
DAY 18/05/2010:	    348     299      21      39      42 9698958
DAY 19/05/2010:	    453     355      34      53      38 7979193
DAY 20/05/2010:	    427     376       9      47      39 13639279
DAY 21/05/2010:	    284     246       6      40      30 5496878
DAY 22/05/2010:	    413     382       6      36      32 17468564
DAY 23/05/2010:	    393     343      29      44      27 14661768
DAY 24/05/2010:	    352     295       4      61      29 6067169
DAY 25/05/2010:	    620     546      38      68      35 24655292
DAY 26/05/2010:	    337     271      21      35      32 4678949
DAY 27/05/2010:	    296     262       4      39      27 8124517
DAY 28/05/2010:	    582     536       5      64      37 20216516
DAY 29/05/2010:	    230     201       5      28      26 7575705
DAY 30/05/2010:	    357     324       5      34      28 14524193
CUR 31/05/2010:	      1       0       1       0       0 0
checksum	  11218    9723     298    1296     955 359363712

# MONTHLY COUNTERS for the last 12 months
LASTMON: 05/2010
MON 01/2010:	  15403   14136     298    3265    2125 530407200
MON 02/2010:	  14790   13309     388    2517    1300 539479616
MON 03/2010:	  14846   13217     553    1561    1124 536357920
MON 04/2010:	  10286    8974     244    1322     956 362840896
MON 05/2009:	   9634    8600     388    1803     760 329647072
MON 06/2009:	  16491   14581     984    2086    1093 622120832
MON 07/2009:	  13231   11746     378    1439     975 510746368
MON 08/2009:	  12036   10718     315    1429    1116 443771008
MON 09/2009:	  21299   17791    2081    2946    1379 715588288
MON 10/2009:	  18550   16636     681    2196    1352 706144512
MON 11/2009:	  13809   12065     671    1550    1081 517595776
MON 12/2009:	  15372   13975     500    2756    1827 564300224
checksum	 175747  155748    7481   24870   15088 6378999744

