# WWW History 2.4
# DAILY COUNTERS for summary period 1-30 Sep 2008
DAY 01/09/2008:	    166     141       3      22      17 6050468
DAY 02/09/2008:	    415     335      44      54      20 14607464
DAY 03/09/2008:	    310     291       0      43      16 11808487
DAY 04/09/2008:	    505     454      25      63      31 21420536
DAY 05/09/2008:	    310     283       8      46      17 12020650
DAY 06/09/2008:	    290     265       5      37      22 12071112
DAY 07/09/2008:	    175     152       8      18      39 7266549
DAY 08/09/2008:	    157     140       0      24      13 6248254
DAY 09/09/2008:	    465     441       0      44      19 21451342
DAY 10/09/2008:	     40      30       0      10      14 474483
DAY 11/09/2008:	    265     236       0      37      14 10653332
DAY 12/09/2008:	     80      64       0      15      15 1966342
DAY 13/09/2008:	    127     102       0      21      14 3502153
DAY 14/09/2008:	   8823     176       0      20      14 9521524
DAY 15/09/2008:	    209     191       0      15      13 9660141
DAY 16/09/2008:	    394     348      20      31      18 17510340
DAY 17/09/2008:	    100      91       0      19      14 2521821
DAY 18/09/2008:	    147     127       0      19      14 4621751
DAY 19/09/2008:	    136     128       0      26      12 5276563
DAY 20/09/2008:	    189     180       0      29       8 8163099
DAY 21/09/2008:	    180     167       1      26      16 7032692
DAY 22/09/2008:	    169     155       0      15      14 7267497
DAY 23/09/2008:	    389     371       0      62      21 14158914
DAY 24/09/2008:	    280     240       6      38      17 11160674
DAY 25/09/2008:	    479     452       0      60      26 20086568
DAY 26/09/2008:	    124     105       1      10      16 4168523
DAY 27/09/2008:	     72      53       0      13      11 1923094
DAY 28/09/2008:	    312     291       1      36      19 14128236
DAY 29/09/2008:	     95      60       4      19      21 2430486
CUR 30/09/2008:	      0       0       0       0       0 0
checksum	  15403    6069     126     872     505 269186432

# MONTHLY COUNTERS for the last 12 months
LASTMON: 09/2008
MON 01/2008:	  15768   14505     580    1663     844 654937024
MON 02/2008:	   9208    8077     185    1119     675 328470464
MON 03/2008:	   8965    7860     476    1075     810 345367648
MON 04/2008:	   7986    7267     186    1031     793 298905088
MON 05/2008:	   6990    6257     217     895     661 254539328
MON 06/2008:	   6334    5548     181     858     561 226789936
MON 07/2008:	  16606   15436     425    1567     790 719388736
MON 08/2008:	   8521    7624     174    1021     632 337928320
MON 09/2007:	  10472    9388     485    1155     850 420721792
MON 10/2007:	  11340    9902     685    1259     728 419258272
MON 11/2007:	   8336    7363     402     980     675 297992928
MON 12/2007:	   6757    5896     295     856     594 240363088
checksum	 117283  105123    4291   13479    8613 4544662096

