# WWW History 2.4
# DAILY COUNTERS for summary period 1-31 Oct 2006
DAY 01/10/2006:	    272     227       2      17      37 10431963
DAY 02/10/2006:	    147     131       1      22      22 4704701
DAY 03/10/2006:	    312     206      82      37      29 7601603
DAY 04/10/2006:	    386     303      32      45      27 13774755
DAY 05/10/2006:	    137     103       1      18      42 3047082
DAY 06/10/2006:	    310     193      78      22      37 7339427
DAY 07/10/2006:	    148      60       4      15      24 2133831
DAY 08/10/2006:	    159     135       1      21      23 5285775
DAY 09/10/2006:	    226     193       1      31      18 8173893
DAY 10/10/2006:	    180     156       5      17      19 7158203
DAY 11/10/2006:	    619     520      66      62      35 22540352
DAY 12/10/2006:	    215     199       2      30      23 7250939
DAY 13/10/2006:	    184      81       8       9      39 3495766
DAY 14/10/2006:	     64      29       0       8      17 449767
DAY 15/10/2006:	     90      61       6      14      20 1893900
DAY 16/10/2006:	    376     356       5      42      26 14273632
DAY 17/10/2006:	    206     136      57      25      26 4283891
DAY 18/10/2006:	    410     369      28      43      22 16717147
DAY 19/10/2006:	    465     422       7      55      54 19176220
DAY 20/10/2006:	    324     212      64      35      45 7981144
DAY 21/10/2006:	    416     331      58      46      19 14204043
DAY 22/10/2006:	    166     139       0      18      25 5794198
DAY 23/10/2006:	    219     186       8      28      24 6947221
DAY 24/10/2006:	    346     289      39      35      24 13143653
DAY 25/10/2006:	    470     453       0      54      66 21634340
DAY 26/10/2006:	    313     255      35      22      21 13156463
DAY 27/10/2006:	    236     167      38      28      19 6668875
DAY 28/10/2006:	    185     170       0      23      16 7286266
DAY 29/10/2006:	    258     241       0      27      18 11211309
DAY 30/10/2006:	    292     243       0      31      14 10214670
CUR 31/10/2006:	      0       0       0       0       0 0
checksum	   8131    6566     628     880     831 277978784

# MONTHLY COUNTERS for the last 12 months
LASTMON: 10/2006
MON 01/2006:	  31816   24144    3351      42    1376 293460608
MON 02/2006:	  25956   20104    2945      22    1147 243916416
MON 03/2006:	  29120   22448    3596       6    1077 290738528
MON 04/2006:	  23818   17793    3363     828    1100 399089664
MON 05/2006:	   7997    6495     454     856     796 316699200
MON 06/2006:	   7317    5344     461     847    1036 242340640
MON 07/2006:	   5269    3823     280     569     809 184780784
MON 08/2006:	   5261    4046     333     579     716 182175392
MON 09/2006:	   8663    6890     419     996     935 307625952
MON 10/2005:	   4220    3295     461     160     117 37733168
MON 11/2005:	  29610   22580    3790       9     771 274639104
MON 12/2005:	  27792   22468    2382       0     929 281729248
checksum	 206839  159430   21835    4914   10809 3054928864

