# WWW History 2.4
# DAILY COUNTERS for summary period 1-31 Dec 2008
DAY 01/12/2008:	    400     367      11      54      24 16813568
DAY 02/12/2008:	    488     428      15      82      34 18451562
DAY 03/12/2008:	    349     316      11      44      21 14740154
DAY 04/12/2008:	    364     328       8      52      24 16068579
DAY 05/12/2008:	    109      90       6      15      16 4077060
DAY 06/12/2008:	    178     160       0      31      20 6854980
DAY 07/12/2008:	    404     341      40      51      21 16677768
DAY 08/12/2008:	    265     177      54      33      22 8444057
DAY 09/12/2008:	    548     321       0      50      26 15562733
DAY 10/12/2008:	    250     128       1      30      28 3525950
DAY 11/12/2008:	    377     325       5      48      26 14522209
DAY 12/12/2008:	     95      88       1      21      12 2404441
DAY 13/12/2008:	    116      80       5      23      18 2709870
DAY 14/12/2008:	    143     130       1      26      19 5633060
DAY 15/12/2008:	    336     311       0      60      25 14541629
DAY 16/12/2008:	    304     289       0      46      21 13030939
DAY 17/12/2008:	    131     107       1      38      25 3448722
DAY 18/12/2008:	    145     131       2      24      17 4752434
DAY 19/12/2008:	    182     161       6      37      22 6155869
DAY 20/12/2008:	    156     144       1      28      12 7440337
DAY 21/12/2008:	     91      73       1      27      17 2435575
DAY 22/12/2008:	    175     164       0      30      21 6562933
DAY 23/12/2008:	    214     187      10      31      20 7299453
DAY 24/12/2008:	     98      90       0      20      11 3503099
DAY 25/12/2008:	     60      37       0       7      13 1821586
DAY 26/12/2008:	    308     251       0      35      18 12969556
DAY 27/12/2008:	    155     121      16      31      16 5346972
DAY 28/12/2008:	     61      55       0      18       9 2818756
DAY 29/12/2008:	    271     235      10      32      20 10379772
DAY 30/12/2008:	    161     135       1      29      14 5099122
CUR 31/12/2008:	      2       1       0       1       1 1097
checksum	   6936    5771     206    1054     593 254097216

# MONTHLY COUNTERS for the last 12 months
LASTMON: 12/2008
MON 01/2008:	  15768   14505     580    1663     844 654937024
MON 02/2008:	   9208    8077     185    1119     675 328470464
MON 03/2008:	   8965    7860     476    1075     810 345367648
MON 04/2008:	   7986    7267     186    1031     793 298905088
MON 05/2008:	   6990    6257     217     895     661 254539328
MON 06/2008:	   6334    5548     181     858     561 226789936
MON 07/2008:	  16606   15436     425    1567     790 719388736
MON 08/2008:	   8521    7624     174    1021     632 337928320
MON 09/2008:	  15944    6501     126     911     528 291016320
MON 10/2008:	   5434    4229     134     767     564 169371456
MON 11/2008:	   6217    5369     199     923     515 224911872
MON 12/2007:	   6757    5896     295     856     594 240363088
checksum	 114730   94569    3178   12686    7967 4091988816

