# WWW History 2.4
# DAILY COUNTERS for summary period 1-31 Aug 2008
DAY 01/08/2008:	    750     663      32      51      33 33388624
DAY 02/08/2008:	    318     297       1      28      18 14556279
DAY 03/08/2008:	    273     261       0      30      15 12040830
DAY 04/08/2008:	    520     508       0      51      46 23449946
DAY 05/08/2008:	    420     375      23      41      25 17470608
DAY 06/08/2008:	    536     480      32      54      25 21416380
DAY 07/08/2008:	    369     200       0      60      23 7137921
DAY 08/08/2008:	    107      91       0      21      14 3328482
DAY 09/08/2008:	    250     216      25      19       9 10807805
DAY 10/08/2008:	    204     176      14      42      18 7100691
DAY 11/08/2008:	    165     144       0      26      17 5091643
DAY 12/08/2008:	    248     221       4      30      18 8980962
DAY 13/08/2008:	    235     216       0      47      23 8375870
DAY 14/08/2008:	    381     357       4      44      22 15991385
DAY 15/08/2008:	     76      64       0       8       7 3119748
DAY 16/08/2008:	    143     134       1      13       9 6345008
DAY 17/08/2008:	    101      90       1      21      11 4698827
DAY 18/08/2008:	    210     199       1      27      15 8559213
DAY 19/08/2008:	    246     228       1      33      16 8947551
DAY 20/08/2008:	    114      88       0      19      16 2206127
DAY 21/08/2008:	    275     234      19      37      23 10470798
DAY 22/08/2008:	    215     193       0      26      17 7986065
DAY 23/08/2008:	    221     205       5      34      13 9293052
DAY 24/08/2008:	    401     386       1      50      13 18846414
DAY 25/08/2008:	    215     193       3      30      24 7835482
DAY 26/08/2008:	    292     268       0      36      20 12216948
DAY 27/08/2008:	    298     265       2      32      42 10433625
DAY 28/08/2008:	    111      92       2      24      32 2233875
DAY 29/08/2008:	    346     327       0      39      21 13708891
DAY 30/08/2008:	    256     243       2      26       6 11767493
CUR 31/08/2008:	      0       0       0       0       0 0
checksum	   8296    7414     173     999     591 327809184

# MONTHLY COUNTERS for the last 12 months
LASTMON: 08/2008
MON 01/2008:	  15768   14505     580    1663     844 654937024
MON 02/2008:	   9208    8077     185    1119     675 328470464
MON 03/2008:	   8965    7860     476    1075     810 345367648
MON 04/2008:	   7986    7267     186    1031     793 298905088
MON 05/2008:	   6990    6257     217     895     661 254539328
MON 06/2008:	   6334    5548     181     858     561 226789936
MON 07/2008:	  16606   15436     425    1567     790 719388736
MON 08/2007:	   6348    5113     216     771     607 215511520
MON 09/2007:	  10472    9388     485    1155     850 420721792
MON 10/2007:	  11340    9902     685    1259     728 419258272
MON 11/2007:	   8336    7363     402     980     675 297992928
MON 12/2007:	   6757    5896     295     856     594 240363088
checksum	 115110  102612    4333   13229    8588 4422245712

