# WWW History 2.4
# DAILY COUNTERS for summary period 1-31 Oct 2007
DAY 01/10/2007:	    264     240       1      26      45 10559380
DAY 02/10/2007:	    848     753      60      75      26 33206288
DAY 03/10/2007:	    391     351      10      27      18 16390207
DAY 04/10/2007:	    354     312      11      36      17 13071390
DAY 05/10/2007:	    370     317      37      48      18 14034735
DAY 06/10/2007:	    491     345     117      81       9 14360426
DAY 07/10/2007:	    289     262      11      37      19 10435178
DAY 08/10/2007:	    147     115      14      21      18 3816214
DAY 09/10/2007:	    431     339      59      43      20 13821929
DAY 10/10/2007:	    621     588       0      71      31 25760180
DAY 11/10/2007:	    695     646      33      63      41 29402096
DAY 12/10/2007:	    480     442       9      44      25 19230932
DAY 13/10/2007:	    107      80      13      10      10 3544960
DAY 14/10/2007:	    258     220      26      25      12 9780241
DAY 15/10/2007:	    442     407      13      50      24 17913132
DAY 16/10/2007:	    229     202      15      20      17 7774745
DAY 17/10/2007:	    491     466       0      62      21 18086354
DAY 18/10/2007:	    257     239       0      28      15 11849452
DAY 19/10/2007:	    345     293      29      42      23 11233203
DAY 20/10/2007:	    360     320       7      33      20 14561823
DAY 21/10/2007:	    359     334       7      46      26 14866449
DAY 22/10/2007:	    320     252      11      43      23 8572014
DAY 23/10/2007:	    325     292       4      38      25 11427597
DAY 24/10/2007:	    189     161       0      14      40 7312615
DAY 25/10/2007:	    362     297      50      40      43 11534894
DAY 26/10/2007:	    300     261       5      29      24 10893208
DAY 27/10/2007:	    237     197      27      28      15 7568630
DAY 28/10/2007:	     90      78       0      18      29 2378046
DAY 29/10/2007:	    295     183      89      37      25 6761809
DAY 30/10/2007:	    676     633       5      79      31 27525728
CUR 31/10/2007:	      0       0       0       0       0 0
checksum	  11023    9625     663    1214     710 407676192

# MONTHLY COUNTERS for the last 12 months
LASTMON: 10/2007
MON 01/2007:	   9705    8135     789    1132     685 358481632
MON 02/2007:	   5252    4283     365     682     455 184423680
MON 03/2007:	   5027    3942     226     629     606 162808848
MON 04/2007:	   6918    5948     246     885     634 251151584
MON 05/2007:	  10017    8959     381    1225     697 394098144
MON 06/2007:	   6356    5545     213     860     708 236012752
MON 07/2007:	   6155    5212     218     827     741 211462880
MON 08/2007:	   6348    5113     216     771     607 215511520
MON 09/2007:	  10472    9388     485    1155     850 420721792
MON 10/2006:	   8573    6984     630     935     851 298969568
MON 11/2006:	   5517    4485     386     686     553 186780592
MON 12/2006:	   4949    3879     169     622     688 162067856
checksum	  85289   71873    4324   10409    8075 3082491280

