# WWW History 2.4
# DAILY COUNTERS for summary period 1-21 Jun 2010
DAY 01/06/2010:	    215     189       1      31      23 7531243
DAY 02/06/2010:	    161     127      15      31      27 1843410
DAY 03/06/2010:	    604     541      10      72      31 22778572
DAY 04/06/2010:	    221     194       3      29      26 6342777
DAY 05/06/2010:	    159     131       5      25      23 5856282
DAY 06/06/2010:	    345     302       6      39      31 10669605
DAY 07/06/2010:	    330     261       2      43      33 11324778
DAY 08/06/2010:	    250     214       0      38      27 8495410
DAY 09/06/2010:	    533     423       3      70      38 15158653
DAY 10/06/2010:	    180     150       6      27      17 6460476
DAY 11/06/2010:	    441     397       5      64      33 16951420
DAY 12/06/2010:	    393     351      10      62      27 9933970
DAY 13/06/2010:	    399     346      24      72      28 13048056
DAY 14/06/2010:	    342     308       4      54      39 12043038
DAY 15/06/2010:	    177     144       2      47      27 3442017
DAY 16/06/2010:	    392     352       1      48      34 10139976
DAY 17/06/2010:	    194     137       4      42      28 1264422
DAY 18/06/2010:	    229     203       3      32      25 7097279
DAY 19/06/2010:	    193     124       1      39      28 3947510
DAY 20/06/2010:	    185     150       1      22      20 3670724
CUR 21/06/2010:	      8       1       0       1       1 2438
checksum	   5951    5045     106     888     566 178003280

# MONTHLY COUNTERS for the last 12 months
LASTMON: 06/2010
MON 01/2010:	  15403   14136     298    3265    2125 530407200
MON 02/2010:	  14790   13309     388    2517    1300 539479616
MON 03/2010:	  14846   13217     553    1561    1124 536357920
MON 04/2010:	  10286    8974     244    1322     956 362840896
MON 05/2010:	  11406    9864     304    1324     986 366447488
MON 06/2009:	  16491   14581     984    2086    1093 622120832
MON 07/2009:	  13231   11746     378    1439     975 510746368
MON 08/2009:	  12036   10718     315    1429    1116 443771008
MON 09/2009:	  21299   17791    2081    2946    1379 715588288
MON 10/2009:	  18550   16636     681    2196    1352 706144512
MON 11/2009:	  13809   12065     671    1550    1081 517595776
MON 12/2009:	  15372   13975     500    2756    1827 564300224
checksum	 177519  157012    7397   24391   15314 6415800256

