# WWW History 2.4
# DAILY COUNTERS for summary period 1-30 Sep 2007
DAY 01/09/2007:	     89      76       2      15      12 2707721
DAY 02/09/2007:	     92      81       1      16      14 2976375
DAY 03/09/2007:	    242     226       4      28      18 9955635
DAY 04/09/2007:	    428     412       0      53      48 19782744
DAY 05/09/2007:	    342     298       2      33      17 14617487
DAY 06/09/2007:	    245     231       5      25      32 11258183
DAY 07/09/2007:	    248     222      14      29      20 10958822
DAY 08/09/2007:	    226     176      41      29      11 6900949
DAY 09/09/2007:	     77      69       0      10      15 2805532
DAY 10/09/2007:	    112      98       2      21      28 3865247
DAY 11/09/2007:	    660     628      12      72      31 27837564
DAY 12/09/2007:	    155     146       0      17      52 6577727
DAY 13/09/2007:	    237     212       0      31      17 9992748
DAY 14/09/2007:	    242     214       3      22      42 10587398
DAY 15/09/2007:	    210     201       0      23      11 9656467
DAY 16/09/2007:	    999     837     109      98      77 38281964
DAY 17/09/2007:	    867     819      15      95      50 38318696
DAY 18/09/2007:	    490     424      41      57      23 17609368
DAY 19/09/2007:	    392     353      27      44      16 16912256
DAY 20/09/2007:	    114      86      18      12      17 3395628
DAY 21/09/2007:	    918     860      33     102      68 39008312
DAY 22/09/2007:	    438     379      38      40      16 17461732
DAY 23/09/2007:	    277     240      14      30      19 10408139
DAY 24/09/2007:	    254     197      27      27      23 8218296
DAY 25/09/2007:	    476     439       8      52      25 18766328
DAY 26/09/2007:	    237     223       0      29      17 9177611
DAY 27/09/2007:	    229     219       0      19      11 10198097
DAY 28/09/2007:	    570     473      47      45      22 20579760
DAY 29/09/2007:	    232     216       4      29      37 9124455
CUR 30/09/2007:	     19      16       0       4       3 397040
checksum	  10117    9071     467    1107     792 408341472

# MONTHLY COUNTERS for the last 12 months
LASTMON: 09/2007
MON 01/2007:	   9705    8135     789    1132     685 358481632
MON 02/2007:	   5252    4283     365     682     455 184423680
MON 03/2007:	   5027    3942     226     629     606 162808848
MON 04/2007:	   6918    5948     246     885     634 251151584
MON 05/2007:	  10017    8959     381    1225     697 394098144
MON 06/2007:	   6356    5545     213     860     708 236012752
MON 07/2007:	   6155    5212     218     827     741 211462880
MON 08/2007:	   6348    5113     216     771     607 215511520
MON 09/2006:	   8663    6890     419     996     935 307625952
MON 10/2006:	   8573    6984     630     935     851 298969568
MON 11/2006:	   5517    4485     386     686     553 186780592
MON 12/2006:	   4949    3879     169     622     688 162067856
checksum	  83480   69375    4258   10250    8160 2969395344

