# WWW History 2.4
# DAILY COUNTERS for summary period 1-31 Mar 2010
DAY 01/03/2010:	    525     486       6      54      30 18964584
DAY 02/03/2010:	    270     219       8      30      31 8298990
DAY 03/03/2010:	    473     407      24      46      39 18811232
DAY 04/03/2010:	    413     300      81      44      27 13128436
DAY 05/03/2010:	   1074    1025       2      97      64 49732564
DAY 06/03/2010:	    507     446      19      49      40 20854474
DAY 07/03/2010:	    433     366      13      47      40 12405318
DAY 08/03/2010:	    835     790       1      74      43 38074896
DAY 09/03/2010:	    252     219       2      47      57 6058849
DAY 10/03/2010:	    286     257       5      41      34 10380333
DAY 11/03/2010:	    221     188       1      34      29 6128872
DAY 12/03/2010:	    370     334       2      58      34 12970834
DAY 13/03/2010:	    258     227       0      31      17 9237969
DAY 14/03/2010:	    329     274      22      38      33 11065814
DAY 15/03/2010:	    502     456       3      45      37 18163324
DAY 16/03/2010:	    401     374       2      48      27 11041934
DAY 17/03/2010:	    429     393       3      49      53 15265128
DAY 18/03/2010:	    561     514       6      76      45 25268920
DAY 19/03/2010:	    319     285       2      37      29 11805631
DAY 20/03/2010:	    200     181       1      33      24 6073442
DAY 21/03/2010:	    681     606      42      63      34 29415512
DAY 22/03/2010:	    455     418       3      49      31 17187416
DAY 23/03/2010:	   1319    1271       6      56      40 27674984
DAY 24/03/2010:	    545     496       7      52      38 22413044
DAY 25/03/2010:	    513     470      16      53      30 22439980
DAY 26/03/2010:	    351     266      64      55      38 12511699
DAY 27/03/2010:	    263     238       2      41      30 8869663
DAY 28/03/2010:	    479     337     112      49      28 17014716
DAY 29/03/2010:	    563     500      17      61      43 21216844
DAY 30/03/2010:	    581     473      77      46      38 17405032
CUR 31/03/2010:	      4       3       0       2       2 13095
checksum	  14412   12819     549    1505    1085 519894496

# MONTHLY COUNTERS for the last 12 months
LASTMON: 03/2010
MON 01/2010:	  15403   14136     298    3265    2125 530407200
MON 02/2010:	  14790   13309     388    2517    1300 539479616
MON 03/2009:	  12123   10061     898    1406     873 398128288
MON 04/2009:	  11615    9720     910    2365     881 349981280
MON 05/2009:	   9634    8600     388    1803     760 329647072
MON 06/2009:	  16491   14581     984    2086    1093 622120832
MON 07/2009:	  13231   11746     378    1439     975 510746368
MON 08/2009:	  12036   10718     315    1429    1116 443771008
MON 09/2009:	  21299   17791    2081    2946    1379 715588288
MON 10/2009:	  18550   16636     681    2196    1352 706144512
MON 11/2009:	  13809   12065     671    1550    1081 517595776
MON 12/2009:	  15372   13975     500    2756    1827 564300224
checksum	 174353  153338    8492   25758   14762 6227910592

