# WWW History 2.4
# DAILY COUNTERS for summary period 1-31 Jul 2006
DAY 01/07/2006:	     61      16       4       8      36 185206
DAY 02/07/2006:	    110      15       5       4      23 210360
DAY 03/07/2006:	    175     124       7      12      29 6957596
DAY 04/07/2006:	     39       7       4       2      14 100674
DAY 05/07/2006:	    148      95       4      17      25 3953136
DAY 06/07/2006:	    145     113       7      10      25 6444609
DAY 07/07/2006:	    278     243       5      28      31 12637863
DAY 08/07/2006:	    121     105       4       8      29 5965788
DAY 09/07/2006:	    104      77       4      11      32 3448913
DAY 10/07/2006:	    153      63      16      12      42 2311077
DAY 11/07/2006:	    421     374       8      51      85 19763392
DAY 12/07/2006:	    104      53      10      11      35 1067035
DAY 13/07/2006:	    253     187      41      25      21 9371465
DAY 14/07/2006:	     79      20       3       9      27 204036
DAY 15/07/2006:	     92      20       3       8      22 350528
DAY 16/07/2006:	     43      28       1      10      16 304445
DAY 17/07/2006:	    334     244      34      37      30 10436166
DAY 18/07/2006:	    172     131      15      19      21 7078347
DAY 19/07/2006:	    515     467       2      41      24 24732004
DAY 20/07/2006:	    336     271      17      47      22 13620704
DAY 21/07/2006:	    167     146       8      23      22 7789906
DAY 22/07/2006:	    113      73       2      21      17 3172127
DAY 23/07/2006:	     42      15       5       5      18 183099
DAY 24/07/2006:	    409     321      26      46      34 16425638
DAY 25/07/2006:	    154     100      23      21      23 3844013
DAY 26/07/2006:	    127      74       3      16      18 4195765
DAY 27/07/2006:	    129     112       7      22      15 4193632
DAY 28/07/2006:	    155     119       7      14      40 5759898
DAY 29/07/2006:	     38      17       2       6      12 107795
DAY 30/07/2006:	     49      18       2       4       9 475591
CUR 31/07/2006:	      0       0       0       0       0 0
checksum	   5066    3648     279     548     797 175292048

# MONTHLY COUNTERS for the last 12 months
LASTMON: 07/2006
MON 01/2006:	  31816   24144    3351      42    1376 293460608
MON 02/2006:	  25956   20104    2945      22    1147 243916416
MON 03/2006:	  29120   22448    3596       6    1077 290738528
MON 04/2006:	  23818   17793    3363     828    1100 399089664
MON 05/2006:	   7997    6495     454     856     796 316699200
MON 06/2006:	   7317    5344     461     847    1036 242340640
MON 07/2005:	      0       0       0       0       0 0
MON 08/2005:	      0       0       0       0       0 0
MON 09/2005:	      0       0       0       0       0 0
MON 10/2005:	   4220    3295     461     160     117 37733168
MON 11/2005:	  29610   22580    3790       9     771 274639104
MON 12/2005:	  27792   22468    2382       0     929 281729248
checksum	 187646  144671   20803    2770    8349 2380346592

