# WWW History 2.4
# DAILY COUNTERS for summary period 1-31 May 2006
DAY 01/05/2006:	    311     256      13      31      33 12686875
DAY 02/05/2006:	    949     808      48      92      47 43533572
DAY 03/05/2006:	    449     366      13      40      40 17253144
DAY 04/05/2006:	    302     209      31      29      37 10131308
DAY 05/05/2006:	    333     273      16      38      38 9562851
DAY 06/05/2006:	    125      97       1       9      20 4883900
DAY 07/05/2006:	    286     254       3      42      24 10812713
DAY 08/05/2006:	    315     217      24      27      31 10624618
DAY 09/05/2006:	    259     197       1      24      26 8363176
DAY 10/05/2006:	    439     335      67      56      29 15396626
DAY 11/05/2006:	    471     427       1      36      24 24607326
DAY 12/05/2006:	    283     214      32      22      33 12068433
DAY 13/05/2006:	    203     186       1      25      15 9235265
DAY 14/05/2006:	    269     252       0      35      23 13018266
DAY 15/05/2006:	    207     147      33      23      34 6139857
DAY 16/05/2006:	    154     104       0      17      19 4866049
DAY 17/05/2006:	    242     227       0      34      22 12913328
DAY 18/05/2006:	    201     173       1      23      24 8731519
DAY 19/05/2006:	    147     124       0      16      19 5869262
DAY 20/05/2006:	    227     140      68      32      18 6012914
DAY 21/05/2006:	    171     163       0      18      14 9112429
DAY 22/05/2006:	     32      28       0       7      13 527116
DAY 23/05/2006:	    129      89       3      15      29 4271198
DAY 24/05/2006:	    259     186      42      20      29 6169651
DAY 25/05/2006:	     29      23       0       6      11 404872
DAY 26/05/2006:	    142     118       1      16      18 5439204
DAY 27/05/2006:	    136     102      10      12      22 5678911
DAY 28/05/2006:	    101      95       1       7      14 5280803
DAY 29/05/2006:	    360     335       0      35      23 18457856
DAY 30/05/2006:	    161     133       3      21      45 6131275
CUR 31/05/2006:	      2       0       0       0       1 415
checksum	   7694    6278     413     808     775 308188512

# MONTHLY COUNTERS for the last 12 months
LASTMON: 05/2006
MON 01/2006:	  31816   24144    3351      42    1376 293460608
MON 02/2006:	  25956   20104    2945      22    1147 243916416
MON 03/2006:	  29120   22448    3596       6    1077 290738528
MON 04/2006:	  23818   17793    3363     828    1100 399089664
MON 05/2005:	      0       0       0       0       0 0
MON 06/2005:	      0       0       0       0       0 0
MON 07/2005:	      0       0       0       0       0 0
MON 08/2005:	      0       0       0       0       0 0
MON 09/2005:	      0       0       0       0       0 0
MON 10/2005:	   4220    3295     461     160     117 37733168
MON 11/2005:	  29610   22580    3790       9     771 274639104
MON 12/2005:	  27792   22468    2382       0     929 281729248
checksum	 172332  132832   19888    1067    6517 1821306720

