# WWW History 2.4
# DAILY COUNTERS for summary period 1-31 Oct 2008
DAY 01/10/2008:	     53      35       0      14      17 467357
DAY 02/10/2008:	    201     162       0      15      20 7355552
DAY 03/10/2008:	    214     176      10      34      21 5554817
DAY 04/10/2008:	    508      58       2      21      14 3041817
DAY 05/10/2008:	     94      50      13      15      16 1552574
DAY 06/10/2008:	    142     122       0      18      10 4723461
DAY 07/10/2008:	    206     181       2      18      20 8734704
DAY 08/10/2008:	    101      78       1      16      15 3779342
DAY 09/10/2008:	    312     250      13      51      20 9199573
DAY 10/10/2008:	    101      80       2      18      15 2091018
DAY 11/10/2008:	     97      87       1      12      13 4066735
DAY 12/10/2008:	     78      63       3      13      12 2704987
DAY 13/10/2008:	    155     132       2      24      23 5414685
DAY 14/10/2008:	    134      95      30      19       9 4137096
DAY 15/10/2008:	    101      86       1      16      13 3250132
DAY 16/10/2008:	    219     192       6      33      26 7167764
DAY 17/10/2008:	    312     285       1      42      32 11053547
DAY 18/10/2008:	    161     142       2      38      14 6305035
DAY 19/10/2008:	    230     209       0      30      21 9077385
DAY 20/10/2008:	    145     125       2      18      16 5357987
DAY 21/10/2008:	    581     545       6      78      53 22974674
DAY 22/10/2008:	    251     225       6      45      20 9405816
DAY 23/10/2008:	     65      45       3      17      20 1181450
DAY 24/10/2008:	    124     108       0      16      15 4354377
DAY 25/10/2008:	    114     101       2      14      17 3927255
DAY 26/10/2008:	    161     131      14      27      17 4837849
DAY 27/10/2008:	    175     160       0      27      16 6401625
DAY 28/10/2008:	    115      90       1      12      16 3747016
DAY 29/10/2008:	     67      44       0      17      18 622456
DAY 30/10/2008:	    182     152      10      34      15 6839012
CUR 31/10/2008:	      9       7       1       7       1 19373
checksum	   5408    4216     134     759     555 169347360

# MONTHLY COUNTERS for the last 12 months
LASTMON: 10/2008
MON 01/2008:	  15768   14505     580    1663     844 654937024
MON 02/2008:	   9208    8077     185    1119     675 328470464
MON 03/2008:	   8965    7860     476    1075     810 345367648
MON 04/2008:	   7986    7267     186    1031     793 298905088
MON 05/2008:	   6990    6257     217     895     661 254539328
MON 06/2008:	   6334    5548     181     858     561 226789936
MON 07/2008:	  16606   15436     425    1567     790 719388736
MON 08/2008:	   8521    7624     174    1021     632 337928320
MON 09/2008:	  15944    6501     126     911     528 291016320
MON 10/2007:	  11340    9902     685    1259     728 419258272
MON 11/2007:	   8336    7363     402     980     675 297992928
MON 12/2007:	   6757    5896     295     856     594 240363088
checksum	 122755  102236    3932   13235    8291 4414956880

