# WWW History 2.4
# DAILY COUNTERS for summary period 1-30 Apr 2008
DAY 01/04/2008:	    476     462       2      52      55 21561064
DAY 02/04/2008:	    288     261       1      43      30 9896045
DAY 03/04/2008:	    301     273       3      29      26 12918308
DAY 04/04/2008:	    315     304       1      50      22 12804109
DAY 05/04/2008:	    245     222       0      22      18 10273044
DAY 06/04/2008:	    352     317       8      36      27 14889095
DAY 07/04/2008:	    386     357       5      50      31 13620898
DAY 08/04/2008:	    245     220       1      35      24 9144884
DAY 09/04/2008:	    361     343       1      53      29 13736707
DAY 10/04/2008:	    232     214       0      37      33 7951605
DAY 11/04/2008:	    385     365       2      66      25 14734878
DAY 12/04/2008:	     90      80       3      14      22 2470722
DAY 13/04/2008:	    186     166       1      28      24 6491036
DAY 14/04/2008:	    396     377       1      44      37 15843149
DAY 15/04/2008:	    146     127       2      21      25 4655418
DAY 16/04/2008:	    108     102       0      18      17 3655003
DAY 17/04/2008:	    273     262       0      40      18 10090028
DAY 18/04/2008:	    295     257      16      34      26 10915301
DAY 19/04/2008:	     52      41       2       7      11 1255948
DAY 20/04/2008:	    168     141       7      22      23 5852447
DAY 21/04/2008:	    334     290      27      47      28 11938530
DAY 22/04/2008:	    123     108       3      20      20 3189451
DAY 23/04/2008:	    155     135       0      29      17 4662247
DAY 24/04/2008:	    375     332      32      43      21 14429849
DAY 25/04/2008:	    226     179      17      35      26 6392068
DAY 26/04/2008:	    119     106       1      11      19 4674234
DAY 27/04/2008:	    253     226      12      23      23 10118178
DAY 28/04/2008:	    471     425      18      58      42 16422798
DAY 29/04/2008:	    342     307      19      34      21 12943042
CUR 30/04/2008:	      4       0       0       0       0 839
checksum	   7702    6999     185    1001     740 287534112

# MONTHLY COUNTERS for the last 12 months
LASTMON: 04/2008
MON 01/2008:	  15768   14505     580    1663     844 654937024
MON 02/2008:	   9208    8077     185    1119     675 328470464
MON 03/2008:	   8965    7860     476    1075     810 345367648
MON 04/2007:	   6918    5948     246     885     634 251151584
MON 05/2007:	  10017    8959     381    1225     697 394098144
MON 06/2007:	   6356    5545     213     860     708 236012752
MON 07/2007:	   6155    5212     218     827     741 211462880
MON 08/2007:	   6348    5113     216     771     607 215511520
MON 09/2007:	  10472    9388     485    1155     850 420721792
MON 10/2007:	  11340    9902     685    1259     728 419258272
MON 11/2007:	   8336    7363     402     980     675 297992928
MON 12/2007:	   6757    5896     295     856     594 240363088
checksum	 106640   93768    4382   12675    8563 4015348560

