# WWW History 2.4
# DAILY COUNTERS for summary period 1-31 Dec 2006
DAY 01/12/2006:	    169     138      13      27      26 4301666
DAY 02/12/2006:	    374     210      96      41      46 10527989
DAY 03/12/2006:	     68      42       0      11      23 658655
DAY 04/12/2006:	    330     307       5      42      25 12797084
DAY 05/12/2006:	     92      78       0      19      14 3290931
DAY 06/12/2006:	     89      72       0      14      16 2244112
DAY 07/12/2006:	    138     112       0      21      20 3624890
DAY 08/12/2006:	     55      50       0      13      14 1481781
DAY 09/12/2006:	    198     180       1      18      18 8391868
DAY 10/12/2006:	     67      45       0      11      13 1926558
DAY 11/12/2006:	    220     202       0      22      17 9368643
DAY 12/12/2006:	    159     134       0      21      15 4984127
DAY 13/12/2006:	    102      81       1      13      19 3014371
DAY 14/12/2006:	    217     198       1      19      35 9142058
DAY 15/12/2006:	    181     110       0      20      48 5101125
DAY 16/12/2006:	    222     104       6      15      46 4628966
DAY 17/12/2006:	    151      39       0      14      22 585280
DAY 18/12/2006:	    270     243       4      35      17 10634892
DAY 19/12/2006:	    144     132       0      14      12 6440399
DAY 20/12/2006:	     41      11       1       6      13 126937
DAY 21/12/2006:	    207     152      10      19      13 6445271
DAY 22/12/2006:	    130     103       0      28      19 4503773
DAY 23/12/2006:	    131     114       0      17      12 4318097
DAY 24/12/2006:	     85      58       0      14      44 2378699
DAY 25/12/2006:	    164     150       0      14      30 7431153
DAY 26/12/2006:	    184     165       0      19      10 8272549
DAY 27/12/2006:	    115      96       0      16      11 3027438
DAY 28/12/2006:	    236     203      18      31      27 8498601
DAY 29/12/2006:	     82      70       0      19      35 2063816
DAY 30/12/2006:	    202     174      10      20      10 8703629
CUR 31/12/2006:	      1       1       0       1       1 893
checksum	   4824    3774     166     594     671 158916624

# MONTHLY COUNTERS for the last 12 months
LASTMON: 12/2006
MON 01/2006:	  31816   24144    3351      42    1376 293460608
MON 02/2006:	  25956   20104    2945      22    1147 243916416
MON 03/2006:	  29120   22448    3596       6    1077 290738528
MON 04/2006:	  23818   17793    3363     828    1100 399089664
MON 05/2006:	   7997    6495     454     856     796 316699200
MON 06/2006:	   7317    5344     461     847    1036 242340640
MON 07/2006:	   5269    3823     280     569     809 184780784
MON 08/2006:	   5261    4046     333     579     716 182175392
MON 09/2006:	   8663    6890     419     996     935 307625952
MON 10/2006:	   8573    6984     630     935     851 298969568
MON 11/2006:	   5517    4485     386     686     553 186780592
MON 12/2005:	  27792   22468    2382       0     929 281729248
checksum	 187099  145024   18600    6366   11325 3228306912

