# WWW History 2.4
# DAILY COUNTERS for summary period 1-31 Jan 2010
DAY 01/01/2010:	    224     209       3      60      56 9127149
DAY 02/01/2010:	    339     306       2      94      83 9733464
DAY 03/01/2010:	    441     418       2      98      67 15863986
DAY 04/01/2010:	    921     879       3     133      70 34833036
DAY 05/01/2010:	    636     555      32     129      78 21548108
DAY 06/01/2010:	    429     394       2     111      64 14808659
DAY 07/01/2010:	    504     475       2     108      69 20492388
DAY 08/01/2010:	    695     628      44     112      64 26036388
DAY 09/01/2010:	    380     341       1      81      60 15969923
DAY 10/01/2010:	    410     387       0      91      63 11895173
DAY 11/01/2010:	    404     372       0     103      70 13396137
DAY 12/01/2010:	    317     254      22      81      63 5994750
DAY 13/01/2010:	    509     466       9     102      80 18351572
DAY 14/01/2010:	    500     478       2      98      68 15673048
DAY 15/01/2010:	    522     462       2     102      72 13628157
DAY 16/01/2010:	    284     250       7      83      61 9609422
DAY 17/01/2010:	    466     429       2     103      66 16490031
DAY 18/01/2010:	    372     341       0      93      73 11558495
DAY 19/01/2010:	    783     692      56     124      68 29095412
DAY 20/01/2010:	    841     787      14     132      79 31052694
DAY 21/01/2010:	    537     502       4     107     104 16838080
DAY 22/01/2010:	    476     436       1     109      71 16980048
DAY 23/01/2010:	    240     223       2      78      59 8059484
DAY 24/01/2010:	    618     546      40     108      88 24540940
DAY 25/01/2010:	    532     486      14     128      65 16042195
DAY 26/01/2010:	    743     701       4     146      66 25664536
DAY 27/01/2010:	    657     607      22     134      66 23371052
DAY 28/01/2010:	    270     244       5     104      67 4450262
DAY 29/01/2010:	    362     342       0     115      60 11335673
DAY 30/01/2010:	    661     636       1     114      56 26175960
CUR 31/01/2010:	      7       7       0       7       2 6251
checksum	  15080   13853     298    3188    2078 518630752

# MONTHLY COUNTERS for the last 12 months
LASTMON: 01/2010
MON 01/2009:	   9166    7318     777    1230     643 313689696
MON 02/2009:	  12815   10485    1693    1264     644 501024672
MON 03/2009:	  12123   10061     898    1406     873 398128288
MON 04/2009:	  11615    9720     910    2365     881 349981280
MON 05/2009:	   9634    8600     388    1803     760 329647072
MON 06/2009:	  16491   14581     984    2086    1093 622120832
MON 07/2009:	  13231   11746     378    1439     975 510746368
MON 08/2009:	  12036   10718     315    1429    1116 443771008
MON 09/2009:	  21299   17791    2081    2946    1379 715588288
MON 10/2009:	  18550   16636     681    2196    1352 706144512
MON 11/2009:	  13809   12065     671    1550    1081 517595776
MON 12/2009:	  15372   13975     500    2756    1827 564300224
checksum	 166141  143696   10276   22470   12624 5972737984

