# WWW History 2.4
# DAILY COUNTERS for summary period 1-30 Nov 2005
DAY 01/11/2005:	   2254    1933     240       3      27 27643590
DAY 02/11/2005:	   1230     990     143       0      25 10011480
DAY 03/11/2005:	    791     682      28       3      21 8129848
DAY 04/11/2005:	    785     509     181       0      21 7520977
DAY 05/11/2005:	   2135    1718     353       0      42 28148056
DAY 06/11/2005:	    327     249       0       0      24 3335288
DAY 07/11/2005:	   2220     871    1214       0      25 10713810
DAY 08/11/2005:	    958     564     285       0      26 7661143
DAY 09/11/2005:	   1440    1238       0       3      14 15934058
DAY 10/11/2005:	    963     815      19       0      16 11743470
DAY 11/11/2005:	    358     321       2       0      15 3632303
DAY 12/11/2005:	    302      80       0       0      34 927898
DAY 13/11/2005:	   1252     901      20       0      19 13057209
DAY 14/11/2005:	    443     312      85       0      27 3112048
DAY 15/11/2005:	    118      58       0       0      26 506709
DAY 16/11/2005:	    374     304       0       0      14 3291796
DAY 17/11/2005:	    772     630      18       0      15 7312533
DAY 18/11/2005:	   1320    1077      36       0      50 13231277
DAY 19/11/2005:	     48      20       0       0      12 239197
DAY 20/11/2005:	    221     194       0       0      12 2505792
DAY 21/11/2005:	    391     236     124       0      16 2339063
DAY 22/11/2005:	    659     501       3       0      36 5421282
DAY 23/11/2005:	    320     133       0       0      15 1248819
DAY 24/11/2005:	    429     390       7       0      12 5290876
DAY 25/11/2005:	    664     602       0       0      63 10958109
DAY 26/11/2005:	   1037     992       0       0      16 16028858
DAY 27/11/2005:	    387     354       0       0      13 5133288
DAY 28/11/2005:	   2506    1412    1013       0      92 19729496
DAY 29/11/2005:	   4355    4200      19       0      26 25144824
CUR 30/11/2005:	      0       0       0       0       0 0
checksum	  29059   22286    3790       9     754 269953184

# MONTHLY COUNTERS for the last 12 months
LASTMON: 11/2005
MON 01/2005:	      0       0       0       0       0 0
MON 02/2005:	      0       0       0       0       0 0
MON 03/2005:	      0       0       0       0       0 0
MON 04/2005:	      0       0       0       0       0 0
MON 05/2005:	      0       0       0       0       0 0
MON 06/2005:	      0       0       0       0       0 0
MON 07/2005:	      0       0       0       0       0 0
MON 08/2005:	      0       0       0       0       0 0
MON 09/2005:	      0       0       0       0       0 0
MON 10/2005:	   4220    3295     461     160     117 37733168
MON 11/2004:	      0       0       0       0       0 0
MON 12/2004:	      0       0       0       0       0 0
checksum	   4220    3295     461     160     117 37733168

