# WWW History 2.4
# DAILY COUNTERS for summary period 1-30 Nov 2006
DAY 01/11/2006:	    220     168      30      16      16 8669320
DAY 02/11/2006:	    495     461       4      52      24 21433354
DAY 03/11/2006:	    405     301      50      55      30 13596482
DAY 04/11/2006:	    229     197      18      27      18 8708910
DAY 05/11/2006:	    253     230       5      38      17 9808046
DAY 06/11/2006:	    144     116      19      15      16 5136002
DAY 07/11/2006:	    198     166      26      22      12 7421585
DAY 08/11/2006:	    109      98       0      15      13 3898537
DAY 09/11/2006:	    188     154      20      27      17 5970490
DAY 10/11/2006:	    110      73       0      14      21 2252789
DAY 11/11/2006:	     75      45       9      17      11 903906
DAY 12/11/2006:	    145     115       6      14      22 4649491
DAY 13/11/2006:	    240     222       0      28      20 9108363
DAY 14/11/2006:	    205     178       2      25      21 6431148
DAY 15/11/2006:	     59      38       3      11      20 636916
DAY 16/11/2006:	    234     212      13      32      20 9059186
DAY 17/11/2006:	     52      31       1       9      16 435646
DAY 18/11/2006:	    121      99       0      13      38 4325150
DAY 19/11/2006:	    180     146       0      18      23 6735085
DAY 20/11/2006:	    331     219      89      37      22 9716654
DAY 21/11/2006:	    305     282       1      29      15 13782733
DAY 22/11/2006:	    155     146       0      28      10 5808486
DAY 23/11/2006:	     52      21      20       7      11 198561
DAY 24/11/2006:	     38      30       0       8      14 598718
DAY 25/11/2006:	     23      12       1       5      12 125067
DAY 26/11/2006:	     49      30       1       8      14 457344
DAY 27/11/2006:	    313     282      17      42      18 10888500
DAY 28/11/2006:	    212     166      31      34      24 5860015
DAY 29/11/2006:	    166     135      10      17      12 5789818
CUR 30/11/2006:	      4       2       0       0       2 2410
checksum	   5310    4375     376     663     529 182410432

# MONTHLY COUNTERS for the last 12 months
LASTMON: 11/2006
MON 01/2006:	  31816   24144    3351      42    1376 293460608
MON 02/2006:	  25956   20104    2945      22    1147 243916416
MON 03/2006:	  29120   22448    3596       6    1077 290738528
MON 04/2006:	  23818   17793    3363     828    1100 399089664
MON 05/2006:	   7997    6495     454     856     796 316699200
MON 06/2006:	   7317    5344     461     847    1036 242340640
MON 07/2006:	   5269    3823     280     569     809 184780784
MON 08/2006:	   5261    4046     333     579     716 182175392
MON 09/2006:	   8663    6890     419     996     935 307625952
MON 10/2006:	   8573    6984     630     935     851 298969568
MON 11/2005:	  29610   22580    3790       9     771 274639104
MON 12/2005:	  27792   22468    2382       0     929 281729248
checksum	 211192  163119   22004    5689   11543 3316165344

