# WWW History 2.4
# DAILY COUNTERS for summary period 1-29 Feb 2008
DAY 01/02/2008:	    174     156       9      29      16 5916242
DAY 02/02/2008:	    214     200       3      25      33 8606905
DAY 03/02/2008:	     82      11       9       8      12 22878
DAY 04/02/2008:	    281     161       1      18      20 7533496
DAY 05/02/2008:	    306     275       7      48      20 9932686
DAY 06/02/2008:	    310     270      13      45      24 9886683
DAY 07/02/2008:	    666     509      31      73      32 22379842
DAY 08/02/2008:	    452     421       0      61      25 15745795
DAY 09/02/2008:	    358     347       0      35      18 14952926
DAY 10/02/2008:	    482     471       0      62      19 20414748
DAY 11/02/2008:	    469     431       6      48      25 18913868
DAY 12/02/2008:	    352     267       0      22      22 12354551
DAY 13/02/2008:	    296     259       8      33      29 9225644
DAY 14/02/2008:	    254     230       0      28      21 8781696
DAY 15/02/2008:	    490     429      20      63      34 17226532
DAY 16/02/2008:	    374     358       0      34      19 17216252
DAY 17/02/2008:	     74      63       0      20      19 1264569
DAY 18/02/2008:	    368     344       0      51      23 14853286
DAY 19/02/2008:	    173     131      13      25      19 3936294
DAY 20/02/2008:	    566     521      24      72      29 20874996
DAY 21/02/2008:	    248     211      17      33      23 8359230
DAY 22/02/2008:	    236     203       3      29      28 7950967
DAY 23/02/2008:	    161     144       0      22      13 5626770
DAY 24/02/2008:	    189     172       0      29      21 6708154
DAY 25/02/2008:	    352     326      10      39      33 13240354
DAY 26/02/2008:	    256     233       4      20      15 11348685
DAY 27/02/2008:	    600     564       6      70      29 23492426
DAY 28/02/2008:	    260     236       0      50      28 7797761
CUR 29/02/2008:	      0       0       0       0       0 0
checksum	   9043    7943     184    1092     649 324566816

# MONTHLY COUNTERS for the last 12 months
LASTMON: 02/2008
MON 01/2008:	  15768   14505     580    1663     844 654937024
MON 02/2007:	   5252    4283     365     682     455 184423680
MON 03/2007:	   5027    3942     226     629     606 162808848
MON 04/2007:	   6918    5948     246     885     634 251151584
MON 05/2007:	  10017    8959     381    1225     697 394098144
MON 06/2007:	   6356    5545     213     860     708 236012752
MON 07/2007:	   6155    5212     218     827     741 211462880
MON 08/2007:	   6348    5113     216     771     607 215511520
MON 09/2007:	  10472    9388     485    1155     850 420721792
MON 10/2007:	  11340    9902     685    1259     728 419258272
MON 11/2007:	   8336    7363     402     980     675 297992928
MON 12/2007:	   6757    5896     295     856     594 240363088
checksum	  98746   86056    4312   11792    8139 3688742736

