# WWW History 2.4
# DAILY COUNTERS for summary period 1-30 May 2008
DAY 01/05/2008:	    248     237       1      32      37 9780776
DAY 02/05/2008:	    169     154       1      19      21 6197610
DAY 03/05/2008:	    112      76      25      16      18 2794660
DAY 04/05/2008:	     46      37       2       5       9 1948040
DAY 05/05/2008:	    375     354       1      41      35 15351837
DAY 06/05/2008:	     82      69       2      12      16 2691671
DAY 07/05/2008:	     98      78       1      18      26 1878499
DAY 08/05/2008:	     98      78       0      20      19 1440331
DAY 09/05/2008:	    108      86       2      15      25 3037326
DAY 10/05/2008:	     17       6       1       5      10 18531
DAY 11/05/2008:	    126     112       1      16      16 4033122
DAY 12/05/2008:	    234     220       1      33      16 9252473
DAY 13/05/2008:	     91      74       1      30      23 1407016
DAY 14/05/2008:	    161     136       5      28      27 4886348
DAY 15/05/2008:	    230     183      20      24      17 8387438
DAY 16/05/2008:	    234     214       0      16      15 10375002
DAY 17/05/2008:	    131     120       1      14      15 4916557
DAY 18/05/2008:	    569     479      72      71      24 21309368
DAY 19/05/2008:	    172     145       5      26      31 5053389
DAY 20/05/2008:	    430     392      14      50      29 15398187
DAY 21/05/2008:	    278     258       2      37      28 10027967
DAY 22/05/2008:	    131     120       0      19      20 4405826
DAY 23/05/2008:	     50      38       1       7       8 787818
DAY 24/05/2008:	    315     290      14      47      13 11999080
DAY 25/05/2008:	    120     111       0      17      13 4728392
DAY 26/05/2008:	     64      57       0      15      17 1293913
DAY 27/05/2008:	    526     491       0      61      33 20662964
DAY 28/05/2008:	    678     625      22      88      36 23631750
DAY 29/05/2008:	    498     456      14      50      30 20970294
CUR 30/05/2008:	     90      89       0       7       1 4466580
checksum	   6481    5785     209     839     628 233134688

# MONTHLY COUNTERS for the last 12 months
LASTMON: 05/2008
MON 01/2008:	  15768   14505     580    1663     844 654937024
MON 02/2008:	   9208    8077     185    1119     675 328470464
MON 03/2008:	   8965    7860     476    1075     810 345367648
MON 04/2008:	   7986    7267     186    1031     793 298905088
MON 05/2007:	  10017    8959     381    1225     697 394098144
MON 06/2007:	   6356    5545     213     860     708 236012752
MON 07/2007:	   6155    5212     218     827     741 211462880
MON 08/2007:	   6348    5113     216     771     607 215511520
MON 09/2007:	  10472    9388     485    1155     850 420721792
MON 10/2007:	  11340    9902     685    1259     728 419258272
MON 11/2007:	   8336    7363     402     980     675 297992928
MON 12/2007:	   6757    5896     295     856     594 240363088
checksum	 107708   95087    4322   12821    8722 4063101776

