# WWW History 2.4
# DAILY COUNTERS for summary period 1-30 Nov 2007
DAY 01/11/2007:	    119     112       0      14       8 4478238
DAY 02/11/2007:	    410     360      22      49      25 15696705
DAY 03/11/2007:	      7       6       0       3       3 15458
DAY 04/11/2007:	      0       0       0       0       0 0
DAY 05/11/2007:	      0       0       0       0       0 0
DAY 06/11/2007:	    236     210       5      30      22 8062292
DAY 07/11/2007:	    297     263       6      33      23 10567261
DAY 08/11/2007:	    233     197       9      34      18 6514023
DAY 09/11/2007:	    357     314       1      39      28 12654013
DAY 10/11/2007:	    289     258      14      31      36 11392524
DAY 11/11/2007:	    245     230       0      22      17 10184178
DAY 12/11/2007:	    429     411       1      63      20 16175029
DAY 13/11/2007:	    229     208       3      28      26 8292807
DAY 14/11/2007:	    390     358       4      37      24 15313252
DAY 15/11/2007:	    507     446      34      57      74 17818176
DAY 16/11/2007:	    673     644       5      59      24 28963196
DAY 17/11/2007:	    215     187      15      27      18 6671223
DAY 18/11/2007:	    302     268      15      29      20 12313488
DAY 19/11/2007:	    343     260      66      29      44 9850262
DAY 20/11/2007:	    288     201      45      39      30 5333813
DAY 21/11/2007:	    333     293      17      38      16 12111437
DAY 22/11/2007:	    217     200       1      34      19 7408680
DAY 23/11/2007:	    202     190       1      26      20 7377213
DAY 24/11/2007:	    348     319      16      42      16 14246736
DAY 25/11/2007:	    369     349       3      45      19 14531686
DAY 26/11/2007:	    254     228       7      37      26 8263233
DAY 27/11/2007:	    386     335      33      40      29 14553799
DAY 28/11/2007:	    195     167       5      29      34 5508024
DAY 29/11/2007:	    136     113       2      19      18 4226832
CUR 30/11/2007:	     15       8       1       2       3 115329
checksum	   8024    7135     331     935     660 288641728

# MONTHLY COUNTERS for the last 12 months
LASTMON: 11/2007
MON 01/2007:	   9705    8135     789    1132     685 358481632
MON 02/2007:	   5252    4283     365     682     455 184423680
MON 03/2007:	   5027    3942     226     629     606 162808848
MON 04/2007:	   6918    5948     246     885     634 251151584
MON 05/2007:	  10017    8959     381    1225     697 394098144
MON 06/2007:	   6356    5545     213     860     708 236012752
MON 07/2007:	   6155    5212     218     827     741 211462880
MON 08/2007:	   6348    5113     216     771     607 215511520
MON 09/2007:	  10472    9388     485    1155     850 420721792
MON 10/2007:	  11340    9902     685    1259     728 419258272
MON 11/2006:	   5517    4485     386     686     553 186780592
MON 12/2006:	   4949    3879     169     622     688 162067856
checksum	  88056   74791    4379   10733    7952 3202780048

